Omm=0.3111	 Omb=0.0490	 h=0.677	 ns=0.9665	 Acamb=2.105e-09
z=0.0000	 D1=0.786	 D10=0.786	 f=0.5234	 r=0.00 Mpc/h
Cosmic variance for the mult02, with coefficient set to 1
0.000000e+00	 4.000000e+00	8.000000e+00	1.200000e+01	1.600000e+01	2.000000e+01	2.400000e+01	2.800000e+01	3.200000e+01	3.600000e+01	4.000000e+01	4.400000e+01	4.800000e+01	5.200000e+01	5.600000e+01	6.000000e+01	6.400000e+01	6.800000e+01	7.200000e+01	7.600000e+01	8.000000e+01	8.400000e+01	8.800000e+01	9.200000e+01	9.600000e+01	1.000000e+02	1.040000e+02	1.080000e+02	1.120000e+02	1.160000e+02	1.200000e+02	1.240000e+02	1.280000e+02	1.320000e+02	1.360000e+02	1.400000e+02	1.440000e+02	1.480000e+02	1.520000e+02	1.560000e+02	1.600000e+02	1.640000e+02	1.680000e+02	1.720000e+02
4.000000e+00	 2.132315e+02	6.101372e+02	8.522657e+02	9.698176e+02	1.011190e+03	1.007097e+03	9.763391e+02	9.306003e+02	8.770877e+02	8.203217e+02	7.631234e+02	7.071903e+02	6.535381e+02	6.027020e+02	5.549245e+02	5.102352e+02	4.685191e+02	4.295316e+02	3.929160e+02	3.582330e+02	3.250793e+02	2.933649e+02	2.637778e+02	2.379125e+02	2.174853e+02	2.030865e+02	1.936737e+02	1.873016e+02	1.821135e+02	1.768572e+02	1.709156e+02	1.641306e+02	1.565972e+02	1.485222e+02	1.401414e+02	1.316552e+02	1.232346e+02	1.150185e+02	1.070958e+02	9.953584e+01	9.237114e+01	8.560927e+01	7.926237e+01
8.000000e+00	 7.131103e+01	2.925578e+02	5.831875e+02	7.759045e+02	8.733687e+02	9.080832e+02	9.041679e+02	8.771754e+02	8.370042e+02	7.898819e+02	7.397402e+02	6.890578e+02	6.393406e+02	5.914923e+02	5.459915e+02	5.030443e+02	4.626472e+02	4.246408e+02	3.887429e+02	3.546136e+02	3.220431e+02	2.912137e+02	2.629348e+02	2.384289e+02	2.187516e+02	2.042171e+02	1.941030e+02	1.869700e+02	1.812500e+02	1.757390e+02	1.697557e+02	1.630523e+02	1.556589e+02	1.477421e+02	1.395018e+02	1.311539e+02	1.228391e+02	1.147141e+02	1.068671e+02	9.935714e+01	9.223777e+01	8.551017e+01	7.918929e+01
1.200000e+01	 2.900238e+01	1.217688e+02	2.936063e+02	5.101370e+02	6.670038e+02	7.534944e+02	7.887877e+02	7.905819e+02	7.714372e+02	7.397683e+02	7.010909e+02	6.589788e+02	6.157408e+02	5.728169e+02	5.310855e+02	4.910182e+02	4.528075e+02	4.164376e+02	3.817694e+02	3.486750e+02	3.172577e+02	2.879944e+02	2.616475e+02	2.389386e+02	2.202812e+02	2.056967e+02	1.947403e+02	1.865407e+02	1.799814e+02	1.740156e+02	1.679104e+02	1.613029e+02	1.541167e+02	1.464387e+02	1.384419e+02	1.303025e+02	1.221751e+02	1.142003e+02	1.064719e+02	9.906576e+01	9.201343e+01	8.534716e+01	7.907197e+01
1.600000e+01	 1.289765e+01	5.452857e+01	1.337518e+02	2.649926e+02	4.311961e+02	5.607710e+02	6.385096e+02	6.749001e+02	6.824610e+02	6.710528e+02	6.477012e+02	6.172210e+02	5.828410e+02	5.467049e+02	5.101791e+02	4.741029e+02	4.389307e+02	4.048705e+02	3.720328e+02	3.406195e+02	3.110749e+02	2.839931e+02	2.599552e+02	2.390749e+02	2.215094e+02	2.070482e+02	1.953901e+02	1.860892e+02	1.785051e+02	1.718780e+02	1.655179e+02	1.589626e+02	1.520026e+02	1.446324e+02	1.369532e+02	1.291017e+02	1.212258e+02	1.134627e+02	1.059094e+02	9.864354e+01	9.169341e+01	8.511002e+01	7.890545e+01
2.000000e+01	 5.953504e+00	2.520476e+01	6.226905e+01	1.255387e+02	2.273011e+02	3.583924e+02	4.668582e+02	5.368271e+02	5.734688e+02	5.854799e+02	5.804731e+02	5.642177e+02	5.408436e+02	5.132095e+02	4.832536e+02	4.522338e+02	4.209514e+02	3.899401e+02	3.596822e+02	3.307527e+02	3.037905e+02	2.793030e+02	2.575415e+02	2.384975e+02	2.220033e+02	2.078251e+02	1.957562e+02	1.855687e+02	1.769735e+02	1.695461e+02	1.627667e+02	1.561522e+02	1.493891e+02	1.423421e+02	1.350327e+02	1.275363e+02	1.199798e+02	1.124887e+02	1.051566e+02	9.806226e+01	9.126250e+01	8.479549e+01	7.868239e+01
2.400000e+01	 2.685408e+00	1.143265e+01	2.861525e+01	5.861183e+01	1.086707e+02	1.891399e+02	2.949316e+02	3.868235e+02	4.497856e+02	4.857982e+02	5.008264e+02	5.006933e+02	4.900767e+02	4.724563e+02	4.503100e+02	4.253703e+02	3.988622e+02	3.717645e+02	3.449790e+02	3.193481e+02	2.955084e+02	2.738060e+02	2.543157e+02	2.369307e+02	2.214642e+02	2.077155e+02	1.955370e+02	1.848049e+02	1.754123e+02	1.671947e+02	1.598796e+02	1.530443e+02	1.463759e+02	1.396247e+02	1.326988e+02	1.256040e+02	1.184234e+02	1.112576e+02	1.041989e+02	9.732938e+01	9.071161e+01	8.439065e+01	7.840154e+01
2.800000e+01	 1.062356e+00	4.688355e+00	1.209079e+01	2.565318e+01	4.927737e+01	8.912982e+01	1.539407e+02	2.409429e+02	3.196123e+02	3.762641e+02	4.109802e+02	4.277867e+02	4.311009e+02	4.246768e+02	4.114270e+02	3.935526e+02	3.727880e+02	3.505878e+02	3.281887e+02	3.065108e+02	2.861180e+02	2.672580e+02	2.499669e+02	2.341656e+02	2.197323e+02	2.065426e+02	1.945124e+02	1.835782e+02	1.737104e+02	1.648872e+02	1.569817e+02	1.498237e+02	1.431130e+02	1.365697e+02	1.299920e+02	1.233134e+02	1.165444e+02	1.097532e+02	1.030185e+02	9.641932e+01	9.002466e+01	8.388855e+01	7.804806e+01
3.200000e+01	 2.771489e-01	1.311260e+00	3.821091e+00	9.082192e+00	1.926300e+01	3.774057e+01	6.977799e+01	1.228270e+02	1.954843e+02	2.634190e+02	3.143698e+02	3.472896e+02	3.648232e+02	3.703144e+02	3.668349e+02	3.569968e+02	3.430071e+02	3.266888e+02	3.094270e+02	2.921443e+02	2.753742e+02	2.593812e+02	2.442675e+02	2.300514e+02	2.167136e+02	2.042252e+02	1.925572e+02	1.817112e+02	1.716875e+02	1.625093e+02	1.541807e+02	1.466522e+02	1.397659e+02	1.332918e+02	1.269853e+02	1.206911e+02	1.143462e+02	1.079643e+02	1.015971e+02	9.531477e+01	8.918720e+01	8.327136e+01	7.760963e+01
3.600000e+01	 -1.200636e-01	-3.514567e-01	-3.031696e-01	7.639001e-01	4.046034e+00	1.143696e+01	2.587568e+01	5.187895e+01	9.586959e+01	1.572728e+02	2.162928e+02	2.620035e+02	2.927166e+02	3.101674e+02	3.170535e+02	3.161352e+02	3.098741e+02	3.002324e+02	2.886327e+02	2.760194e+02	2.629925e+02	2.499211e+02	2.370355e+02	2.244814e+02	2.123530e+02	2.007156e+02	1.896177e+02	1.790910e+02	1.691971e+02	1.599427e+02	1.514025e+02	1.435976e+02	1.364851e+02	1.299474e+02	1.237850e+02	1.177982e+02	1.118509e+02	1.058891e+02	9.992243e+01	9.399946e+01	8.817989e+01	8.252032e+01	7.706760e+01
4.000000e+01	 -3.012769e-01	-1.135103e+00	-2.275616e+00	-3.297953e+00	-3.516739e+00	-1.862597e+00	3.319228e+00	1.457665e+01	3.581525e+01	7.261131e+01	1.248965e+02	1.763005e+02	2.171657e+02	2.456222e+02	2.629959e+02	2.715927e+02	2.737121e+02	2.712497e+02	2.656271e+02	2.578712e+02	2.487108e+02	2.386712e+02	2.281335e+02	2.173790e+02	2.066164e+02	1.960031e+02	1.856552e+02	1.756659e+02	1.661044e+02	1.570355e+02	1.485156e+02	1.405999e+02	1.333237e+02	1.266663e+02	1.205248e+02	1.147295e+02	1.091098e+02	1.035461e+02	9.799297e+01	9.245883e+01	8.698277e+01	8.161499e+01	7.640395e+01
4.400000e+01	 -3.763107e-01	-1.460246e+00	-3.119648e+00	-5.116588e+00	-7.050637e+00	-8.310217e+00	-7.956841e+00	-4.553397e+00	4.108683e+00	2.142398e+01	5.228131e+01	9.699354e+01	1.419905e+02	1.789411e+02	2.060327e+02	2.241128e+02	2.347957e+02	2.397023e+02	2.402204e+02	2.374666e+02	2.323233e+02	2.254761e+02	2.174604e+02	2.086882e+02	1.994788e+02	1.900748e+02	1.806655e+02	1.713938e+02	1.623628e+02	1.536657e+02	1.453724e+02	1.375478e+02	1.302477e+02	1.235106e+02	1.173261e+02	1.116067e+02	1.062086e+02	1.009817e+02	9.582182e+01	9.068572e+01	8.557896e+01	8.053542e+01	7.559778e+01
4.800000e+01	 -3.899784e-01	-1.542030e+00	-3.378292e+00	-5.756035e+00	-8.456798e+00	-1.112609e+01	-1.323510e+01	-1.397746e+01	-1.211072e+01	-5.701228e+00	8.285465e+00	3.432306e+01	7.318103e+01	1.135630e+02	1.480712e+02	1.746311e+02	1.934661e+02	2.056136e+02	2.122929e+02	2.146533e+02	2.136902e+02	2.102314e+02	2.049455e+02	1.983675e+02	1.909157e+02	1.829207e+02	1.746373e+02	1.662530e+02	1.579262e+02	1.497694e+02	1.418790e+02	1.343129e+02	1.271524e+02	1.204511e+02	1.142478e+02	1.085409e+02	1.032579e+02	9.827100e+01	9.344591e+01	8.868861e+01	8.396014e+01	7.926394e+01	7.462752e+01
5.200000e+01	 -3.816996e-01	-1.505882e+00	-3.335650e+00	-5.796810e+00	-8.760966e+00	-1.204473e+01	-1.535507e+01	-1.824724e+01	-2.001913e+01	-1.953083e+01	-1.492841e+01	-3.284406e+00	1.959108e+01	5.458570e+01	9.184315e+01	1.245066e+02	1.503236e+02	1.691927e+02	1.818726e+02	1.893851e+02	1.927497e+02	1.928780e+02	1.905450e+02	1.863835e+02	1.809082e+02	1.745260e+02	1.675475e+02	1.602306e+02	1.527635e+02	1.452972e+02	1.379435e+02	1.307933e+02	1.239218e+02	1.173985e+02	1.112704e+02	1.055923e+02	1.003604e+02	9.551140e+01	9.093107e+01	8.649951e+01	8.213138e+01	7.778930e+01	7.347431e+01
5.600000e+01	 -3.536265e-01	-1.414560e+00	-3.159474e+00	-5.552237e+00	-8.540194e+00	-1.202967e+01	-1.588026e+01	-1.984373e+01	-2.348568e+01	-2.604508e+01	-2.628390e+01	-2.236522e+01	-1.167313e+01	9.366505e+00	4.145584e+01	7.589546e+01	1.064613e+02	1.309666e+02	1.491957e+02	1.617540e+02	1.695235e+02	1.734111e+02	1.742393e+02	1.727215e+02	1.694332e+02	1.648624e+02	1.593846e+02	1.533017e+02	1.468503e+02	1.402124e+02	1.335313e+02	1.269184e+02	1.204656e+02	1.142386e+02	1.083131e+02	1.027437e+02	9.757075e+01	9.279651e+01	8.836597e+01	8.417669e+01	8.011881e+01	7.611391e+01	7.212814e+01
6.000000e+01	 -3.281309e-01	-1.308024e+00	-2.938503e+00	-5.213757e+00	-8.120033e+00	-1.163225e+01	-1.567808e+01	-2.009180e+01	-2.451797e+01	-2.835383e+01	-3.075150e+01	-3.061968e+01	-2.650380e+01	-1.628995e+01	3.082297e+00	3.229746e+01	6.377231e+01	9.194909e+01	1.147950e+02	1.320347e+02	1.441463e+02	1.518852e+02	1.560508e+02	1.573669e+02	1.564802e+02	1.539202e+02	1.501235e+02	1.454416e+02	1.401530e+02	1.344788e+02	1.285930e+02	1.226316e+02	1.167029e+02	1.108951e+02	1.052807e+02	9.992231e+01	9.487496e+01	9.017853e+01	8.583666e+01	8.179954e+01	7.797395e+01	7.426087e+01	7.059027e+01
6.400000e+01	 -3.015105e-01	-1.209730e+00	-2.734531e+00	-4.893706e+00	-7.698558e+00	-1.115115e+01	-1.518447e+01	-1.959945e+01	-2.403952e+01	-2.803386e+01	-3.107622e+01	-3.260789e+01	-3.188357e+01	-2.774942e+01	-1.835031e+01	-8.925802e-01	2.539051e+01	5.389128e+01	7.964329e+01	1.007549e+02	1.169025e+02	1.284480e+02	1.360347e+02	1.403508e+02	1.420427e+02	1.416788e+02	1.397391e+02	1.366190e+02	1.326404e+02	1.280622e+02	1.230905e+02	1.178895e+02	1.125903e+02	1.072962e+02	1.020899e+02	9.704035e+01	9.220805e+01	8.764581e+01	8.339020e+01	7.944592e+01	7.576937e+01	7.227640e+01	6.888056e+01
6.800000e+01	 -2.822409e-01	-1.137831e+00	-2.586450e+00	-4.658029e+00	-7.372465e+00	-1.069896e+01	-1.449851e+01	-1.850955e+01	-2.241597e+01	-2.594895e+01	-2.889349e+01	-3.104109e+01	-3.202499e+01	-3.122262e+01	-2.756555e+01	-1.931324e+01	-3.857886e+00	1.963050e+01	4.535546e+01	6.882429e+01	8.829022e+01	1.033686e+02	1.143395e+02	1.217311e+02	1.261392e+02	1.281336e+02	1.282086e+02	1.268051e+02	1.242801e+02	1.209277e+02	1.169879e+02	1.126542e+02	1.080805e+02	1.033887e+02	9.867380e+01	9.402071e+01	8.948924e+01	8.513845e+01	8.101696e+01	7.716137e+01	7.357751e+01	7.023073e+01	6.704526e+01
7.200000e+01	 -2.744606e-01	-1.104999e+00	-2.517759e+00	-4.534030e+00	-7.129654e+00	-1.018443e+01	-1.347288e+01	-1.674780e+01	-1.984336e+01	-2.269597e+01	-2.528942e+01	-2.758820e+01	-2.941505e+01	-3.042545e+01	-2.999301e+01	-2.708438e+01	-2.005828e+01	-6.485164e+00	1.448681e+01	3.771498e+01	5.914491e+01	7.711341e+01	9.121118e+01	1.016338e+02	1.088224e+02	1.132850e+02	1.155192e+02	1.159751e+02	1.150398e+02	1.130410e+02	1.102501e+02	1.068881e+02	1.031329e+02	9.912746e+01	9.498643e+01	9.080115e+01	8.664557e+01	8.258160e+01	7.866342e+01	7.493824e+01	7.144519e+01	6.819216e+01	6.514662e+01
7.600000e+01	 -2.759269e-01	-1.112570e+00	-2.515866e+00	-4.452458e+00	-6.800937e+00	-9.347611e+00	-1.187869e+01	-1.427905e+01	-1.655361e+01	-1.877768e+01	-2.101538e+01	-2.329831e+01	-2.553024e+01	-2.751043e+01	-2.885393e+01	-2.896302e+01	-2.683022e+01	-2.093331e+01	-9.018464e+00	9.761050e+00	3.081178e+01	5.044099e+01	6.707316e+01	8.028533e+01	9.020233e+01	9.718627e+01	1.016772e+02	1.041121e+02	1.048928e+02	1.043700e+02	1.028412e+02	1.005530e+02	9.770827e+01	9.447219e+01	9.097761e+01	8.733082e+01	8.361734e+01	7.990791e+01	7.626219e+01	7.273188e+01	6.936716e+01	6.620287e+01	6.324986e+01
8.000000e+01	 -2.865071e-01	-1.133573e+00	-2.487504e+00	-4.210265e+00	-6.086043e+00	-7.917885e+00	-9.619216e+00	-1.122967e+01	-1.286022e+01	-1.462652e+01	-1.660979e+01	-1.883110e+01	-2.123802e+01	-2.371993e+01	-2.602321e+01	-2.777504e+01	-2.838405e+01	-2.692929e+01	-2.199376e+01	-1.149203e+01	5.405042e+00	2.456756e+01	4.261580e+01	5.806737e+01	7.048238e+01	7.993273e+01	8.671783e+01	9.121834e+01	9.382139e+01	9.488567e+01	9.472571e+01	9.361127e+01	9.176832e+01	8.938333e+01	8.660815e+01	8.356584e+01	8.035673e+01	7.706283e+01	7.375048e+01	7.047948e+01	6.730078e+01	6.426086e+01	6.139566e+01
8.400000e+01	 -2.818743e-01	-1.077168e+00	-2.229324e+00	-3.512007e+00	-4.732694e+00	-5.819093e+00	-6.826507e+00	-7.877954e+00	-9.102205e+00	-1.059934e+01	-1.242103e+01	-1.459336e+01	-1.706688e+01	-1.976207e+01	-2.252960e+01	-2.513736e+01	-2.722318e+01	-2.823680e+01	-2.732521e+01	-2.317742e+01	-1.386377e+01	1.422006e+00	1.894751e+01	3.560870e+01	5.001047e+01	6.170717e+01	7.072904e+01	7.732483e+01	8.182413e+01	8.456675e+01	8.586954e+01	8.602756e+01	8.527518e+01	8.382158e+01	8.183844e+01	7.946645e+01	7.682288e+01	7.400179e+01	7.107998e+01	6.812422e+01	6.519010e+01	6.232809e+01	5.958333e+01
8.800000e+01	 -2.212712e-01	-7.949575e-01	-1.513679e+00	-2.188257e+00	-2.750043e+00	-3.253656e+00	-3.817012e+00	-4.563405e+00	-5.590679e+00	-6.961493e+00	-8.705115e+00	-1.082089e+01	-1.328158e+01	-1.602868e+01	-1.897118e+01	-2.196155e+01	-2.478304e+01	-2.710017e+01	-2.840408e+01	-2.790770e+01	-2.439552e+01	-1.607776e+01	-2.178627e+00	1.392051e+01	2.936014e+01	4.282712e+01	5.387801e+01	6.250926e+01	6.892399e+01	7.340367e+01	7.625997e+01	7.776940e+01	7.819141e+01	7.774852e+01	7.663051e+01	7.499621e+01	7.297868e+01	7.068624e+01	6.820785e+01	6.561937e+01	6.298308e+01	6.035313e+01	5.777787e+01
9.200000e+01	 -6.683226e-02	-2.123661e-01	-3.375666e-01	-4.057118e-01	-4.674029e-01	-6.231888e-01	-9.757787e-01	-1.606687e+00	-2.569561e+00	-3.892804e+00	-5.584947e+00	-7.638589e+00	-1.003078e+01	-1.272605e+01	-1.566291e+01	-1.875672e+01	-2.187184e+01	-2.480906e+01	-2.726135e+01	-2.875733e+01	-2.857032e+01	-2.557149e+01	-1.809703e+01	-5.392830e+00	9.458209e+00	2.381971e+01	3.645425e+01	4.692095e+01	5.518940e+01	6.142619e+01	6.587835e+01	6.881222e+01	7.048473e+01	7.112835e+01	7.094766e+01	7.011874e+01	6.878870e+01	6.708111e+01	6.509817e+01	6.292637e+01	6.063619e+01	5.828733e+01	5.593154e+01
9.600000e+01	 1.345032e-01	4.864906e-01	9.348036e-01	1.345513e+00	1.602771e+00	1.622114e+00	1.346529e+00	7.431544e-01	-2.030638e-01	-1.495769e+00	-3.129950e+00	-5.094509e+00	-7.374024e+00	-9.941735e+00	-1.276564e+01	-1.579044e+01	-1.893984e+01	-2.209268e+01	-2.506523e+01	-2.757697e+01	-2.919104e+01	-2.923264e+01	-2.665038e+01	-1.988871e+01	-8.220781e+00	5.536092e+00	1.894037e+01	3.082496e+01	4.075683e+01	4.868450e+01	5.474265e+01	5.914553e+01	6.213054e+01	6.392980e+01	6.475700e+01	6.479937e+01	6.421881e+01	6.315323e+01	6.171825e+01	6.001141e+01	5.811287e+01	5.608973e+01	5.399887e+01
1.000000e+02	 2.628212e-01	9.396631e-01	1.771919e+00	2.504644e+00	2.976801e+00	3.114423e+00	2.897083e+00	2.328098e+00	1.420899e+00	1.899120e-01	-1.351537e+00	-3.190548e+00	-5.311965e+00	-7.701963e+00	-1.033914e+01	-1.319519e+01	-1.622354e+01	-1.935457e+01	-2.248056e+01	-2.543303e+01	-2.795081e+01	-2.962875e+01	-2.983498e+01	-2.758748e+01	-2.143112e+01	-1.066704e+01	2.120292e+00	1.466606e+01	2.586931e+01	3.530548e+01	4.290636e+01	4.878101e+01	5.311831e+01	5.613046e+01	5.802821e+01	5.900572e+01	5.923639e+01	5.887043e+01	5.803663e+01	5.684320e+01	5.538096e+01	5.372581e+01	5.194112e+01
1.040000e+02	 2.579207e-01	9.510929e-01	1.867077e+00	2.745103e+00	3.375799e+00	3.652923e+00	3.550970e+00	3.085201e+00	2.283726e+00	1.173339e+00	-2.244313e-01	-1.892462e+00	-3.818604e+00	-5.990720e+00	-8.397947e+00	-1.102301e+01	-1.384108e+01	-1.681355e+01	-1.987799e+01	-2.293414e+01	-2.582650e+01	-2.831143e+01	-3.000903e+01	-3.032957e+01	-2.835408e+01	-2.271944e+01	-1.275265e+01	-8.313858e-01	1.093675e+01	2.151269e+01	3.048335e+01	3.776947e+01	4.345982e+01	4.771927e+01	5.073854e+01	5.270972e+01	5.381096e+01	5.420219e+01	5.402257e+01	5.339163e+01	5.241068e+01	5.116481e+01	4.972553e+01
1.080000e+02	 1.635151e-01	6.360361e-01	1.344007e+00	2.137091e+00	2.823394e+00	3.243864e+00	3.319157e+00	3.037763e+00	2.421503e+00	1.500725e+00	3.030003e-01	-1.150527e+00	-2.844737e+00	-4.769744e+00	-6.916512e+00	-9.275374e+00	-1.183430e+01	-1.457202e+01	-1.745230e+01	-2.041831e+01	-2.337660e+01	-2.618063e+01	-2.860319e+01	-3.029094e+01	-3.069067e+01	-2.894138e+01	-2.376239e+01	-1.450697e+01	-3.369399e+00	7.686912e+00	1.768184e+01	2.621543e+01	3.319952e+01	3.870539e+01	4.287827e+01	4.589029e+01	4.791609e+01	4.911896e+01	4.964635e+01	4.962732e+01	4.917306e+01	4.837826e+01	4.732339e+01
1.120000e+02	 5.499226e-02	2.381756e-01	5.811719e-01	1.075777e+00	1.633008e+00	2.103523e+00	2.349291e+00	2.294429e+00	1.922570e+00	1.249636e+00	3.012618e-01	-8.989337e-01	-2.332891e+00	-3.988381e+00	-5.856359e+00	-7.931578e+00	-1.020630e+01	-1.266851e+01	-1.529944e+01	-1.806518e+01	-2.091131e+01	-2.375119e+01	-2.644978e+01	-2.879546e+01	-3.045536e+01	-3.091213e+01	-2.935669e+01	-2.458383e+01	-1.597084e+01	-5.546394e+00	4.857012e+00	1.431363e+01	2.243673e+01	2.913207e+01	3.445646e+01	3.853783e+01	4.153101e+01	4.359506e+01	4.487992e+01	4.552164e+01	4.563993e+01	4.533899e+01	4.470799e+01
1.160000e+02	 -2.605942e-02	-7.872551e-02	-8.977025e-02	1.666690e-02	2.694486e-01	6.108353e-01	9.126163e-01	1.043086e+00	9.219826e-01	5.238466e-01	-1.444329e-01	-1.064646e+00	-2.218167e+00	-3.590328e+00	-5.171806e+00	-6.955571e+00	-8.935656e+00	-1.110559e+01	-1.345381e+01	-1.596126e+01	-1.859695e+01	-2.131214e+01	-2.402674e+01	-2.661442e+01	-2.887596e+01	-3.050141e+01	-3.100332e+01	-2.961966e+01	-2.521234e+01	-1.718121e+01	-7.407172e+00	2.395906e+00	1.135319e+01	1.909184e+01	2.551286e+01	3.066010e+01	3.464611e+01	3.761056e+01	3.969845e+01	4.104760e+01	4.178395e+01	4.202033e+01	4.185313e+01
1.200000e+02	 -7.306137e-02	-2.698426e-01	-5.285847e-01	-7.584147e-01	-8.678315e-01	-8.134359e-01	-6.380451e-01	-4.570921e-01	-3.978840e-01	-5.454231e-01	-9.345807e-01	-1.567500e+00	-2.433044e+00	-3.518206e+00	-4.811327e+00	-6.303662e+00	-7.989462e+00	-9.862713e+00	-1.191581e+01	-1.413860e+01	-1.651546e+01	-1.901849e+01	-2.160280e+01	-2.419183e+01	-2.667017e+01	-2.885125e+01	-3.044180e+01	-3.098178e+01	-2.975074e+01	-2.567307e+01	-1.817056e+01	-8.990947e+00	2.603182e-01	8.755171e+00	1.613392e+01	2.229396e+01	2.726825e+01	3.115576e+01	3.408261e+01	3.618188e+01	3.758076e+01	3.839673e+01	3.873253e+01
1.240000e+02	 -9.192009e-02	-3.542063e-01	-7.432349e-01	-1.186820e+00	-1.591476e+00	-1.865005e+00	-1.959027e+00	-1.906084e+00	-1.811281e+00	-1.797545e+00	-1.952969e+00	-2.319432e+00	-2.907172e+00	-3.711305e+00	-4.721768e+00	-5.929702e+00	-7.327352e+00	-8.908052e+00	-1.066710e+01	-1.259974e+01	-1.469767e+01	-1.694637e+01	-1.932121e+01	-2.177879e+01	-2.425220e+01	-2.662976e+01	-2.873508e+01	-3.029107e+01	-3.086232e+01	-2.976743e+01	-2.598766e+01	-1.896559e+01	-1.032912e+01	-1.585888e+00	6.479706e+00	1.352042e+01	1.943158e+01	2.423666e+01	2.802336e+01	3.090614e+01	3.300708e+01	3.444320e+01	3.532174e+01
1.280000e+02	 -9.419528e-02	-3.684447e-01	-7.977839e-01	-1.336283e+00	-1.914258e+00	-2.442836e+00	-2.832920e+00	-3.034525e+00	-3.072870e+00	-3.043576e+00	-3.062711e+00	-3.220774e+00	-3.563802e+00	-4.106898e+00	-4.849720e+00	-5.785488e+00	-6.905868e+00	-8.205401e+00	-9.680775e+00	-1.132907e+01	-1.314616e+01	-1.512521e+01	-1.725493e+01	-1.951061e+01	-2.185519e+01	-2.422208e+01	-2.650581e+01	-2.853989e+01	-3.006154e+01	-3.065821e+01	-2.968393e+01	-2.617278e+01	-1.958800e+01	-1.144970e+01	-3.175750e+00	4.489539e+00	1.121206e+01	1.688563e+01	2.152720e+01	2.521178e+01	2.804495e+01	3.013680e+01	3.159936e+01
1.320000e+02	 -8.694742e-02	-3.441330e-01	-7.591601e-01	-1.307369e+00	-1.946508e+00	-2.612438e+00	-3.222801e+00	-3.693467e+00	-3.974385e+00	-4.083083e+00	-4.107292e+00	-4.156469e+00	-4.317164e+00	-4.638614e+00	-5.139442e+00	-5.821645e+00	-6.682218e+00	-7.717614e+00	-8.924987e+00	-1.030205e+01	-1.184737e+01	-1.355897e+01	-1.543169e+01	-1.745425e+01	-1.960445e+01	-2.184500e+01	-2.411340e+01	-2.631000e+01	-2.827634e+01	-2.976301e+01	-3.037879e+01	-2.951114e+01	-2.624337e+01	-2.005851e+01	-1.237879e+01	-4.539764e+00	2.751823e+00	9.175238e+00	1.462301e+01	1.910188e+01	2.268439e+01	2.546420e+01	2.754510e+01
1.360000e+02	 -7.596016e-02	-3.029406e-01	-6.762127e-01	-1.185009e+00	-1.807751e+00	-2.507348e+00	-3.226308e+00	-3.889196e+00	-4.415249e+00	-4.756197e+00	-4.923786e+00	-4.993877e+00	-5.068835e+00	-5.231714e+00	-5.531083e+00	-5.989466e+00	-6.614569e+00	-7.407284e+00	-8.366082e+00	-9.490300e+00	-1.078020e+01	-1.223708e+01	-1.385608e+01	-1.563491e+01	-1.756155e+01	-1.961506e+01	-2.176002e+01	-2.393703e+01	-2.605099e+01	-2.795163e+01	-2.940261e+01	-3.003276e+01	-2.926049e+01	-2.621464e+01	-2.039727e+01	-1.314104e+01	-5.705725e+00	1.237143e+00	7.377165e+00	1.260709e+01	1.693354e+01	2.041677e+01	2.313909e+01
1.400000e+02	 -6.452086e-02	-2.575758e-01	-5.787158e-01	-1.025444e+00	-1.589557e+00	-2.253954e+00	-2.986510e+00	-3.735042e+00	-4.430555e+00	-4.997266e+00	-5.384170e+00	-5.598198e+00	-5.705746e+00	-5.799561e+00	-5.960116e+00	-6.238618e+00	-6.660812e+00	-7.236938e+00	-7.970913e+00	-8.864570e+00	-9.919461e+00	-1.113736e+01	-1.251543e+01	-1.405474e+01	-1.574940e+01	-1.758911e+01	-1.955377e+01	-2.160947e+01	-2.369982e+01	-2.573500e+01	-2.757261e+01	-2.898828e+01	-2.962955e+01	-2.894355e+01	-2.610083e+01	-2.062076e+01	-1.375542e+01	-6.696729e+00	-8.120135e-02	5.791605e+00	1.081900e+01	1.499510e+01	1.837511e+01
1.440000e+02	 -5.322828e-02	-2.137608e-01	-4.827566e-01	-8.613710e-01	-1.350023e+00	-1.943572e+00	-2.628136e+00	-3.375828e+00	-4.139914e+00	-4.854040e+00	-5.446552e+00	-5.865944e+00	-6.112538e+00	-6.245723e+00	-6.353643e+00	-6.513698e+00	-6.776430e+00	-7.169649e+00	-7.707118e+00	-8.395519e+00	-9.238871e+00	-1.023573e+01	-1.139028e+01	-1.270189e+01	-1.416925e+01	-1.578756e+01	-1.754686e+01	-1.942811e+01	-2.139968e+01	-2.340842e+01	-2.536920e+01	-2.714707e+01	-2.852890e+01	-2.917894e+01	-2.857018e+01	-2.591298e+01	-2.074603e+01	-1.424547e+01	-7.535196e+00	-1.224961e+00	4.397230e+00	9.226428e+00	1.325941e+01
1.480000e+02	 -4.344117e-02	-1.744296e-01	-3.953101e-01	-7.097594e-01	-1.120946e+00	-1.631057e+00	-2.237380e+00	-2.928679e+00	-3.679651e+00	-4.446080e+00	-5.165978e+00	-5.769012e+00	-6.205335e+00	-6.474300e+00	-6.629185e+00	-6.750793e+00	-6.913128e+00	-7.167173e+00	-7.543268e+00	-8.053248e+00	-8.707149e+00	-9.507629e+00	-1.045718e+01	-1.155745e+01	-1.280895e+01	-1.421042e+01	-1.575772e+01	-1.744171e+01	-1.924504e+01	-2.113794e+01	-2.307039e+01	-2.496178e+01	-2.668341e+01	-2.803175e+01	-2.868769e+01	-2.815102e+01	-2.566688e+01	-2.078683e+01	-1.461910e+01	-8.236082e+00	-2.214174e+00	3.170045e+00	7.812900e+00
1.520000e+02	 -3.491542e-02	-1.406128e-01	-3.200360e-01	-5.773057e-01	-9.173332e-01	-1.345001e+00	-1.864127e+00	-2.472013e+00	-3.158839e+00	-3.900506e+00	-4.655709e+00	-5.367795e+00	-5.970840e+00	-6.417881e+00	-6.704054e+00	-6.878340e+00	-7.015877e+00	-7.187272e+00	-7.441502e+00	-7.807007e+00	-8.298969e+00	-8.925468e+00	-9.691027e+00	-1.059850e+01	-1.164969e+01	-1.284562e+01	-1.418588e+01	-1.566726e+01	-1.728138e+01	-1.901242e+01	-2.083254e+01	-2.269394e+01	-2.451939e+01	-2.618710e+01	-2.750527e+01	-2.816793e+01	-2.769429e+01	-2.536443e+01	-2.075084e+01	-1.489931e+01	-8.819529e+00	-3.068391e+00	2.090291e+00
1.560000e+02	 -2.793395e-02	-1.129564e-01	-2.577288e-01	-4.662214e-01	-7.440880e-01	-1.097226e+00	-1.530731e+00	-2.047243e+00	-2.644803e+00	-3.314313e+00	-4.034666e+00	-4.770188e+00	-5.468252e+00	-6.067608e+00	-6.521893e+00	-6.825794e+00	-7.022164e+00	-7.180277e+00	-7.365393e+00	-7.624062e+00	-7.984464e+00	-8.462286e+00	-9.066014e+00	-9.800527e+00	-1.066934e+01	-1.167524e+01	-1.281999e+01	-1.410384e+01	-1.552425e+01	-1.707448e+01	-1.873866e+01	-2.049014e+01	-2.228434e+01	-2.404992e+01	-2.566922e+01	-2.695580e+01	-2.761837e+01	-2.720306e+01	-2.502093e+01	-2.065344e+01	-1.509294e+01	-9.301861e+00	-3.804164e+00
1.600000e+02	 -2.266009e-02	-9.098076e-02	-2.072920e-01	-3.757485e-01	-6.011822e-01	-8.891996e-01	-1.244475e+00	-1.671162e+00	-2.172611e+00	-2.748882e+00	-3.393846e+00	-4.090179e+00	-4.804279e+00	-5.487374e+00	-6.082817e+00	-6.546142e+00	-6.869322e+00	-7.088968e+00	-7.268134e+00	-7.467962e+00	-7.732992e+00	-8.090502e+00	-8.556041e+00	-9.138835e+00	-9.844755e+00	-1.067825e+01	-1.164276e+01	-1.274074e+01	-1.397326e+01	-1.894548e+01	-1.682760e+01	-1.842886e+01	-2.011867e+01	-2.185295e+01	-2.355940e+01	-2.512709e+01	-2.638455e+01	-2.705146e+01	-2.668829e+01	-2.463990e+01	-2.050538e+01	-1.521734e+01	-9.692215e+00
1.640000e+02	 -1.807883e-02	-7.322492e-02	-1.673204e-01	-3.033344e-01	-4.851635e-01	-7.164157e-01	-1.001722e+00	-1.346282e+00	-1.756132e+00	-2.236287e+00	-2.789206e+00	-3.409336e+00	-4.081439e+00	-4.775890e+00	-5.447692e+00	-6.042401e+00	-6.515465e+00	-6.856377e+00	-7.097555e+00	-7.296558e+00	-7.510363e+00	-7.781003e+00	-8.135243e+00	-8.588922e+00	-9.152542e+00	-9.832576e+00	-1.063408e+01	-1.156128e+01	-1.261681e+01	-1.380153e+01	-1.511354e+01	-1.655043e+01	-1.809563e+01	-1.972341e+01	-2.139553e+01	-2.304810e+01	-2.457351e+01	-2.580115e+01	-2.646826e+01	-2.615705e+01	-2.423347e+01	-2.031142e+01	-1.528041e+01
1.680000e+02	 -1.471743e-02	-5.941310e-02	-1.356399e-01	-2.450775e-01	-3.895120e-01	-5.717115e-01	-7.961467e-01	-1.069147e+00	-1.397604e+00	-1.788526e+00	-2.247885e+00	-2.778087e+00	-3.376163e+00	-4.029065e+00	-4.708690e+00	-5.371424e+00	-5.964773e+00	-6.445411e+00	-6.801442e+00	-7.060814e+00	-7.276119e+00	-7.501105e+00	-7.775703e+00	-8.126527e+00	-8.569547e+00	-9.116079e+00	-9.772876e+00	-1.054556e+01	-1.143850e+01	-1.245517e+01	-1.359611e+01	-1.486243e+01	-1.624536e+01	-1.773290e+01	-1.930658e+01	-2.092610e+01	-2.252577e+01	-2.400761e+01	-2.521131e+01	-2.587869e+01	-2.561075e+01	-2.380546e+01	-2.008426e+01
1.720000e+02	 -1.213279e-02	-4.861763e-02	-1.096701e-01	-1.956708e-01	-3.074804e-01	-4.478479e-01	-6.214475e-01	-8.342755e-01	-1.093381e+00	-1.406007e+00	-1.779686e+00	-2.221065e+00	-2.734064e+00	-3.315640e+00	-3.952561e+00	-4.618032e+00	-5.270907e+00	-5.861217e+00	-6.346415e+00	-6.713091e+00	-6.985944e+00	-7.213911e+00	-7.447676e+00	-7.725317e+00	-8.072629e+00	-8.506699e+00	-9.037952e+00	-9.673616e+00	-1.041936e+01	-1.128185e+01	-1.226337e+01	-1.336351e+01	-1.458173e+01	-1.591710e+01	-1.735636e+01	-1.887635e+01	-2.044321e+01	-2.199762e+01	-2.343906e+01	-2.461526e+01	-2.528460e+01	-2.505901e+01	-2.336023e+01
