Omm=0.3111	 Omb=0.0490	 h=0.677	 ns=0.9665	 Acamb=2.105e-09
z=0.0000	 D1=0.786	 D10=0.786	 f=0.5234	 r=0.00 Mpc/h
Cosmic variance for the dipole-octupole, with coefficient set to 1
0.000000e+00	 4.000000e+00	8.000000e+00	1.200000e+01	1.600000e+01	2.000000e+01	2.400000e+01	2.800000e+01	3.200000e+01	3.600000e+01	4.000000e+01	4.400000e+01	4.800000e+01	5.200000e+01	5.600000e+01	6.000000e+01	6.400000e+01	6.800000e+01	7.200000e+01	7.600000e+01	8.000000e+01	8.400000e+01	8.800000e+01	9.200000e+01	9.600000e+01	1.000000e+02	1.040000e+02	1.080000e+02	1.120000e+02	1.160000e+02	1.200000e+02	1.240000e+02	1.280000e+02	1.320000e+02	1.360000e+02	1.400000e+02	1.440000e+02	1.480000e+02	1.520000e+02	1.560000e+02	1.600000e+02	1.640000e+02	1.680000e+02	1.720000e+02
4.000000e+00	 2.520488e-05	1.319159e-04	2.804635e-04	4.373094e-04	5.864041e-04	7.204581e-04	8.367064e-04	9.347426e-04	1.015395e-03	1.080050e-03	1.130351e-03	1.167947e-03	1.194433e-03	1.211273e-03	1.219778e-03	1.221104e-03	1.216560e-03	1.205984e-03	1.190973e-03	1.171614e-03	1.148117e-03	1.120593e-03	1.089343e-03	1.055370e-03	1.020597e-03	9.874910e-04	9.581299e-04	9.335345e-04	9.135896e-04	8.974512e-04	8.839734e-04	8.720049e-04	8.606468e-04	8.491749e-04	8.371166e-04	8.241922e-04	8.102698e-04	7.953552e-04	7.794393e-04	7.626497e-04	7.451072e-04	7.269438e-04	7.082884e-04
8.000000e+00	 2.297971e-05	1.602741e-04	4.206360e-04	7.291292e-04	1.034809e-03	1.314850e-03	1.560287e-03	1.768888e-03	1.941715e-03	2.081390e-03	2.191167e-03	2.274439e-03	2.334491e-03	2.374361e-03	2.396780e-03	2.404146e-03	2.398509e-03	2.381552e-03	2.354564e-03	2.318424e-03	2.273658e-03	2.220717e-03	2.160544e-03	2.095366e-03	2.028820e-03	1.965278e-03	1.908458e-03	1.860337e-03	1.820899e-03	1.788730e-03	1.761755e-03	1.737799e-03	1.715124e-03	1.692297e-03	1.668369e-03	1.642763e-03	1.615201e-03	1.585677e-03	1.554164e-03	1.520903e-03	1.486130e-03	1.450103e-03	1.413077e-03
1.200000e+01	 1.802391e-05	1.358467e-04	4.100351e-04	8.124260e-04	1.258715e-03	1.690094e-03	2.079393e-03	2.416592e-03	2.700147e-03	2.932569e-03	3.118156e-03	3.261856e-03	3.368644e-03	3.443218e-03	3.489846e-03	3.512297e-03	3.513795e-03	3.496990e-03	3.463927e-03	3.416079e-03	3.354547e-03	3.280563e-03	3.196226e-03	3.105180e-03	3.012391e-03	2.924060e-03	2.842760e-03	2.773346e-03	2.715479e-03	2.667634e-03	2.627208e-03	2.591336e-03	2.557368e-03	2.523417e-03	2.487981e-03	2.450166e-03	2.409516e-03	2.365983e-03	2.319497e-03	2.270394e-03	2.219006e-03	2.165711e-03	2.110879e-03
1.600000e+01	 1.385571e-05	1.073855e-04	3.420989e-04	7.394427e-04	1.257271e-03	1.811667e-03	2.343255e-03	2.820182e-03	3.231709e-03	3.576330e-03	3.857332e-03	4.080168e-03	4.251014e-03	4.376044e-03	4.461035e-03	4.511169e-03	4.530922e-03	4.523997e-03	4.493326e-03	4.441222e-03	4.369791e-03	4.281603e-03	4.180295e-03	4.070895e-03	3.959255e-03	3.851330e-03	3.752139e-03	3.664908e-03	3.590541e-03	3.527866e-03	3.474272e-03	3.426553e-03	3.381516e-03	3.336778e-03	3.290354e-03	3.241007e-03	3.188173e-03	3.131389e-03	3.070842e-03	3.006816e-03	2.939722e-03	2.870002e-03	2.798239e-03
2.000000e+01	 1.066749e-05	8.374580e-05	2.733515e-04	6.150764e-04	1.111852e-03	1.717645e-03	2.354021e-03	2.960557e-03	3.505418e-03	3.975835e-03	4.369725e-03	4.690488e-03	4.944075e-03	5.137350e-03	5.277200e-03	5.370034e-03	5.421514e-03	5.436440e-03	5.418814e-03	5.372166e-03	5.300130e-03	5.207030e-03	5.098117e-03	4.979558e-03	4.857695e-03	4.738534e-03	4.627048e-03	4.526661e-03	4.438792e-03	4.362924e-03	4.296931e-03	4.237744e-03	4.181969e-03	4.126903e-03	4.070145e-03	4.010111e-03	3.946006e-03	3.877162e-03	3.803718e-03	3.725958e-03	3.644334e-03	3.559364e-03	3.471745e-03
2.400000e+01	 8.263753e-06	6.534906e-05	2.160580e-04	4.962440e-04	9.257848e-04	1.498132e-03	2.167762e-03	2.862402e-03	3.523907e-03	4.119623e-03	4.635441e-03	5.068313e-03	5.421188e-03	5.699931e-03	5.911521e-03	6.063007e-03	6.160944e-03	6.211189e-03	6.219037e-03	6.189657e-03	6.128581e-03	6.041969e-03	5.936489e-03	5.819118e-03	5.696429e-03	5.574309e-03	5.457559e-03	5.349637e-03	5.252372e-03	5.165973e-03	5.089115e-03	5.019321e-03	4.953550e-03	4.888641e-03	4.822333e-03	4.752875e-03	4.678377e-03	4.598770e-03	4.513812e-03	4.423735e-03	4.329002e-03	4.230177e-03	4.128055e-03
2.800000e+01	 6.450918e-06	5.123387e-05	1.706821e-04	3.966757e-04	7.530794e-04	1.250391e-03	1.877397e-03	2.590942e-03	3.325031e-03	4.024546e-03	4.656696e-03	5.206203e-03	5.668843e-03	6.046679e-03	6.344957e-03	6.570236e-03	6.729362e-03	6.829082e-03	6.876143e-03	6.877556e-03	6.840758e-03	6.773466e-03	6.683552e-03	6.578388e-03	6.464694e-03	6.348244e-03	6.233703e-03	6.124559e-03	6.022961e-03	5.929776e-03	5.844574e-03	5.765761e-03	5.690930e-03	5.617347e-03	5.542430e-03	5.464232e-03	5.380867e-03	5.291938e-03	5.197015e-03	5.096231e-03	4.990017e-03	4.878957e-03	4.763912e-03
3.200000e+01	 5.075772e-06	4.040913e-05	1.352649e-04	3.166624e-04	6.076018e-04	1.024169e-03	1.571257e-03	2.235571e-03	2.977009e-03	3.735505e-03	4.459202e-03	5.115616e-03	5.688454e-03	6.172769e-03	6.567615e-03	6.879111e-03	7.112822e-03	7.275977e-03	7.376590e-03	7.423285e-03	7.425018e-03	7.390654e-03	7.328775e-03	7.247082e-03	7.152374e-03	7.050400e-03	6.945809e-03	6.842205e-03	6.742046e-03	6.646777e-03	6.556792e-03	6.471471e-03	6.389306e-03	6.308188e-03	6.225817e-03	6.140258e-03	6.049403e-03	5.952690e-03	5.849472e-03	5.739739e-03	5.623846e-03	5.502358e-03	5.376167e-03
3.600000e+01	 4.018512e-06	3.206293e-05	1.076735e-04	2.533037e-04	4.893345e-04	8.326842e-04	1.294432e-03	1.876077e-03	2.563637e-03	3.320173e-03	4.090980e-03	4.827395e-03	5.497438e-03	6.083914e-03	6.579987e-03	6.985484e-03	7.304457e-03	7.543695e-03	7.711738e-03	7.818088e-03	7.872478e-03	7.884528e-03	7.863039e-03	7.815950e-03	7.750161e-03	7.671498e-03	7.584743e-03	7.493723e-03	7.401256e-03	7.309319e-03	7.219038e-03	7.130696e-03	7.043760e-03	6.956990e-03	6.868676e-03	6.777162e-03	6.680510e-03	6.577654e-03	6.467629e-03	6.350804e-03	6.227160e-03	6.097199e-03	5.961805e-03
4.000000e+01	 3.204139e-06	2.558904e-05	8.611981e-05	2.032515e-04	3.944601e-04	6.754824e-04	1.059066e-03	1.552941e-03	2.156562e-03	2.855959e-03	3.617166e-03	4.390158e-03	5.129216e-03	5.803037e-03	6.394000e-03	6.894830e-03	7.305483e-03	7.630710e-03	7.878205e-03	8.057191e-03	8.177341e-03	8.248278e-03	8.278831e-03	8.276991e-03	8.249758e-03	8.203125e-03	8.142112e-03	8.070872e-03	7.992646e-03	7.909942e-03	7.824543e-03	7.737529e-03	7.649279e-03	7.559489e-03	7.467258e-03	7.371292e-03	7.270438e-03	7.163069e-03	7.048270e-03	6.926267e-03	6.796876e-03	6.660501e-03	6.517965e-03
4.400000e+01	 2.566770e-06	2.052288e-05	6.918105e-05	1.636544e-04	3.186400e-04	5.480231e-04	8.642109e-04	1.277025e-03	1.791900e-03	2.406990e-03	3.108619e-03	3.865439e-03	4.631544e-03	5.364214e-03	6.033648e-03	6.623061e-03	7.125860e-03	7.542543e-03	7.878087e-03	8.139933e-03	8.336802e-03	8.477493e-03	8.570512e-03	8.623710e-03	8.644126e-03	8.637932e-03	8.610449e-03	8.566208e-03	8.508923e-03	8.441641e-03	8.366763e-03	8.286071e-03	8.200748e-03	8.111366e-03	8.017899e-03	7.919795e-03	7.816402e-03	7.706288e-03	7.588544e-03	7.463295e-03	7.330195e-03	7.189514e-03	7.041975e-03
4.800000e+01	 2.066609e-06	1.653226e-05	5.579130e-05	1.322030e-04	2.579983e-04	4.450918e-04	7.047236e-04	1.046849e-03	1.479129e-03	2.005302e-03	2.622614e-03	3.317840e-03	4.062233e-03	4.814179e-03	5.534766e-03	6.196685e-03	6.784474e-03	7.291871e-03	7.719094e-03	8.070210e-03	8.351553e-03	8.570489e-03	8.734643e-03	8.851419e-03	8.927731e-03	8.969857e-03	8.983392e-03	8.973245e-03	8.943608e-03	8.898065e-03	8.839602e-03	8.770643e-03	8.693070e-03	8.608227e-03	8.516910e-03	8.419376e-03	8.315657e-03	8.204754e-03	8.085961e-03	7.959404e-03	7.824626e-03	7.681755e-03	7.531379e-03
5.200000e+01	 1.669619e-06	1.336407e-05	4.513793e-05	1.070888e-04	2.093348e-04	3.619259e-04	5.746590e-04	8.567335e-04	1.216181e-03	1.658955e-03	2.187544e-03	2.798829e-03	3.480758e-03	4.207888e-03	4.943328e-03	5.652049e-03	6.308789e-03	6.898673e-03	7.414898e-03	7.856458e-03	8.226075e-03	8.528673e-03	8.770328e-03	8.957546e-03	9.096820e-03	9.194342e-03	9.255865e-03	9.286600e-03	9.291172e-03	9.273662e-03	9.237601e-03	9.186001e-03	9.121366e-03	9.045709e-03	8.960552e-03	8.866916e-03	8.765581e-03	8.655875e-03	8.538350e-03	8.412456e-03	8.278008e-03	8.135031e-03	7.983968e-03
5.600000e+01	 1.352666e-06	1.083013e-05	3.660126e-05	8.690982e-05	1.700829e-04	2.944961e-04	4.684720e-04	7.000926e-04	9.968875e-04	1.365383e-03	1.810447e-03	2.334246e-03	2.934414e-03	3.600887e-03	4.311506e-03	5.033339e-03	5.734107e-03	6.389683e-03	6.984927e-03	7.512125e-03	7.968995e-03	8.356916e-03	8.679571e-03	8.941955e-03	9.149688e-03	9.308558e-03	9.424268e-03	9.502152e-03	9.547164e-03	9.563798e-03	9.556067e-03	9.527501e-03	9.481163e-03	9.419653e-03	9.345121e-03	9.259264e-03	9.163565e-03	9.058033e-03	8.943780e-03	8.820616e-03	8.688505e-03	8.547457e-03	8.398083e-03
6.000000e+01	 1.097224e-06	8.787158e-06	2.970644e-05	7.057289e-05	1.382001e-04	2.394858e-04	3.813615e-04	5.707028e-04	8.142225e-04	1.118348e-03	1.489012e-03	1.931137e-03	2.447512e-03	3.036882e-03	3.690692e-03	4.389037e-03	5.101566e-03	5.797866e-03	6.454423e-03	7.055779e-03	7.593381e-03	8.063889e-03	8.467611e-03	8.807247e-03	9.086951e-03	9.311668e-03	9.486663e-03	9.617194e-03	9.708341e-03	9.764872e-03	9.791175e-03	9.791220e-03	9.768548e-03	9.726277e-03	9.667102e-03	9.593530e-03	9.506725e-03	9.408783e-03	9.300444e-03	9.182277e-03	9.054568e-03	8.917453e-03	8.771233e-03
6.400000e+01	 8.893973e-07	7.123033e-06	2.408261e-05	5.721468e-05	1.120474e-04	1.941873e-04	3.093123e-04	4.631853e-04	6.617479e-04	9.111845e-04	1.217893e-03	1.588125e-03	2.027206e-03	2.538270e-03	3.120341e-03	3.765490e-03	4.455153e-03	5.160914e-03	5.853848e-03	6.511038e-03	7.116903e-03	7.662326e-03	8.143205e-03	8.559040e-03	8.911807e-03	9.204986e-03	9.442973e-03	9.630597e-03	9.772799e-03	9.874424e-03	9.940078e-03	9.974055e-03	9.980286e-03	9.962324e-03	9.923543e-03	9.866087e-03	9.792964e-03	9.705938e-03	9.606560e-03	9.495956e-03	9.374823e-03	9.243712e-03	9.102898e-03
6.800000e+01	 7.181358e-07	5.749720e-06	1.943053e-05	4.613707e-05	9.029620e-05	1.564057e-04	2.490978e-04	3.732825e-04	5.343444e-04	7.382607e-04	9.915160e-04	1.300764e-03	1.672260e-03	2.111063e-03	2.619909e-03	3.197557e-03	3.836276e-03	4.518537e-03	5.217635e-03	5.906102e-03	6.561758e-03	7.169152e-03	7.718856e-03	8.206256e-03	8.630264e-03	8.992244e-03	9.295165e-03	9.542970e-03	9.740114e-03	9.891248e-03	1.000100e-02	1.007382e-02	1.011391e-02	1.012517e-02	1.011134e-02	1.007499e-02	1.001958e-02	9.947336e-03	9.860554e-03	9.760189e-03	9.648142e-03	9.525129e-03	9.391693e-03
7.200000e+01	 5.739002e-07	4.592408e-06	1.550505e-05	3.677250e-05	7.189052e-05	1.244650e-04	1.983764e-04	2.980048e-04	4.284003e-04	5.952893e-04	8.049007e-04	1.063669e-03	1.377854e-03	1.753067e-03	2.193634e-03	2.701650e-03	3.275534e-03	3.907754e-03	4.581797e-03	5.272628e-03	5.954266e-03	6.605412e-03	7.210890e-03	7.761177e-03	8.251316e-03	8.679772e-03	9.047435e-03	9.356824e-03	9.611481e-03	9.815524e-03	9.973334e-03	1.008933e-02	1.016782e-02	1.021310e-02	1.022840e-02	1.021784e-02	1.018441e-02	1.013116e-02	1.005994e-02	9.973450e-03	9.873283e-03	9.760715e-03	9.636712e-03
7.600000e+01	 4.490007e-07	3.589441e-06	1.210381e-05	2.867802e-05	5.607217e-05	9.728353e-05	1.557707e-04	2.356298e-04	3.416265e-04	4.790834e-04	6.536867e-04	8.713202e-04	1.137700e-03	1.458314e-03	1.837954e-03	2.280215e-03	2.786671e-03	3.355550e-03	3.979643e-03	4.643488e-03	5.323684e-03	5.995740e-03	6.639297e-03	7.239586e-03	7.787100e-03	8.276658e-03	8.706370e-03	9.076729e-03	9.389857e-03	9.648936e-03	9.857775e-03	1.002050e-02	1.014151e-02	1.022439e-02	1.027365e-02	1.029293e-02	1.028589e-02	1.025497e-02	1.020370e-02	1.013435e-02	1.004903e-02	9.949504e-03	9.837183e-03
8.000000e+01	 3.372201e-07	2.695328e-06	9.095373e-06	2.161396e-05	4.252966e-05	7.452814e-05	1.208813e-04	1.854466e-04	2.726085e-04	3.871175e-04	5.339533e-04	7.182081e-04	9.449824e-04	1.219264e-03	1.545747e-03	1.928548e-03	2.370801e-03	2.873618e-03	3.435268e-03	4.048966e-03	4.700303e-03	5.367446e-03	6.027347e-03	6.660603e-03	7.252908e-03	7.794847e-03	8.281087e-03	8.709456e-03	9.080102e-03	9.394802e-03	9.656410e-03	9.868628e-03	1.003474e-02	1.015937e-02	1.024629e-02	1.029954e-02	1.032212e-02	1.031807e-02	1.029025e-02	1.024146e-02	1.017417e-02	1.009053e-02	9.992296e-03
8.400000e+01	 2.361743e-07	1.898579e-06	6.476762e-06	1.565266e-05	3.148293e-05	5.653649e-05	9.391431e-05	1.471631e-04	2.201510e-04	3.169599e-04	4.418136e-04	5.990334e-04	7.930064e-04	1.028139e-03	1.308776e-03	1.639044e-03	2.022589e-03	2.462134e-03	2.958760e-03	3.510853e-03	4.111903e-03	4.748613e-03	5.400624e-03	6.046255e-03	6.667036e-03	7.249145e-03	7.783306e-03	8.264092e-03	8.689104e-03	9.058367e-03	9.373016e-03	9.635545e-03	9.849603e-03	1.001880e-02	1.014652e-02	1.023658e-02	1.029304e-02	1.031922e-02	1.031841e-02	1.029361e-02	1.024758e-02	1.018278e-02	1.010129e-02
8.800000e+01	 1.522414e-07	1.253849e-06	4.439463e-06	1.120935e-05	2.354310e-05	4.389865e-05	7.512168e-05	1.203259e-04	1.828006e-04	2.659563e-04	3.733056e-04	5.084635e-04	6.751525e-04	8.771980e-04	1.118496e-03	1.402937e-03	1.734260e-03	2.115801e-03	2.550070e-03	3.038081e-03	3.578379e-03	4.164891e-03	4.785295e-03	5.420590e-03	6.050371e-03	6.657066e-03	7.227346e-03	7.752106e-03	8.226041e-03	8.646238e-03	9.012254e-03	9.325659e-03	9.588506e-03	9.803920e-03	9.974755e-03	1.010508e-02	1.019832e-02	1.025800e-02	1.028749e-02	1.028996e-02	1.026837e-02	1.022538e-02	1.016338e-02
9.200000e+01	 1.021706e-07	8.823129e-07	3.308927e-06	8.805619e-06	1.925647e-05	3.690658e-05	6.423975e-05	1.038846e-04	1.585634e-04	2.310785e-04	3.243226e-04	4.413011e-04	5.851545e-04	7.591716e-04	9.667858e-04	1.211542e-03	1.497022e-03	1.826698e-03	2.203695e-03	2.630392e-03	3.107985e-03	3.634678e-03	4.205153e-03	4.808066e-03	5.425567e-03	6.038443e-03	6.630137e-03	7.187500e-03	7.701598e-03	8.167263e-03	8.581636e-03	8.944044e-03	9.255543e-03	9.517632e-03	9.733464e-03	9.905990e-03	1.003854e-02	1.013451e-02	1.019726e-02	1.023002e-02	1.023585e-02	1.021760e-02	1.017788e-02
9.600000e+01	 1.026768e-07	8.819902e-07	3.278270e-06	8.616770e-06	1.857309e-05	3.506819e-05	6.016928e-05	9.602869e-05	1.448619e-04	2.089533e-04	2.906788e-04	3.925348e-04	5.171657e-04	6.673858e-04	8.461894e-04	1.056742e-03	1.302509e-03	1.586542e-03	1.912065e-03	2.282436e-03	2.699756e-03	3.165269e-03	3.677257e-03	4.230984e-03	4.815704e-03	5.414816e-03	6.010042e-03	6.585816e-03	7.129589e-03	7.632719e-03	8.089671e-03	8.497719e-03	8.855550e-03	9.164258e-03	9.425393e-03	9.641370e-03	9.815052e-03	9.949545e-03	1.004805e-02	1.011376e-02	1.014977e-02	1.015900e-02	1.014425e-02
1.000000e+02	 1.463595e-07	1.191632e-06	4.134273e-06	1.014601e-05	2.059098e-05	3.699343e-05	6.099007e-05	9.429399e-05	1.386849e-04	1.960179e-04	2.682455e-04	3.574442e-04	4.658419e-04	5.958415e-04	7.500374e-04	9.312204e-04	1.142365e-03	1.386594e-03	1.667099e-03	1.987012e-03	2.349183e-03	2.755827e-03	3.208073e-03	3.704611e-03	4.240989e-03	4.807210e-03	5.387729e-03	5.965464e-03	6.525247e-03	7.055239e-03	7.547050e-03	7.994735e-03	8.395757e-03	8.748906e-03	9.054580e-03	9.314227e-03	9.530012e-03	9.704563e-03	9.840774e-03	9.941658e-03	1.001025e-02	1.004949e-02	1.006220e-02
1.040000e+02	 2.020539e-07	1.596284e-06	5.296791e-06	1.234138e-05	2.376529e-05	4.067433e-05	6.427467e-05	9.587199e-05	1.368650e-04	1.887479e-04	2.531230e-04	3.317193e-04	4.264155e-04	5.392611e-04	6.724953e-04	8.285580e-04	1.010091e-03	1.219923e-03	1.461032e-03	1.736473e-03	2.049253e-03	2.402121e-03	2.797343e-03	3.235746e-03	3.716523e-03	4.235471e-03	4.783274e-03	5.345322e-03	5.905549e-03	6.449474e-03	6.965635e-03	7.445725e-03	7.884278e-03	8.278194e-03	8.626239e-03	8.928594e-03	9.186472e-03	9.401804e-03	9.576991e-03	9.714750e-03	9.817896e-03	9.889293e-03	9.931757e-03
1.080000e+02	 2.400780e-07	1.883455e-06	6.169206e-06	1.409592e-05	2.646949e-05	4.403150e-05	6.757882e-05	9.802423e-05	1.364110e-04	1.839105e-04	2.419040e-04	3.115768e-04	3.947593e-04	4.931145e-04	6.085692e-04	7.432440e-04	8.994619e-04	1.079746e-03	1.286805e-03	1.523496e-03	1.792757e-03	2.097587e-03	2.440453e-03	2.823581e-03	3.248045e-03	3.713074e-03	4.214796e-03	4.744493e-03	5.288521e-03	5.831570e-03	6.359862e-03	6.862349e-03	7.330919e-03	7.760141e-03	8.146831e-03	8.489601e-03	8.788437e-03	9.044338e-03	9.258988e-03	9.434687e-03	9.573846e-03	9.679146e-03	9.753295e-03
1.120000e+02	 2.495362e-07	1.963375e-06	6.448996e-06	1.474206e-05	2.758182e-05	4.549651e-05	6.895530e-05	9.850407e-05	1.348356e-04	1.788045e-04	2.314250e-04	2.938630e-04	3.674382e-04	4.536302e-04	5.540902e-04	6.706527e-04	8.053452e-04	9.603942e-04	1.138223e-03	1.341438e-03	1.572881e-03	1.835217e-03	2.131348e-03	2.463877e-03	2.834891e-03	3.245490e-03	3.695005e-03	4.179924e-03	4.692078e-03	5.218561e-03	5.744898e-03	6.257925e-03	6.746989e-03	7.204181e-03	7.624112e-03	8.003538e-03	8.340939e-03	8.636085e-03	8.889897e-03	9.103791e-03	9.279802e-03	9.420246e-03	9.527614e-03
1.160000e+02	 2.352357e-07	1.860334e-06	6.157507e-06	1.419903e-05	2.677324e-05	4.438088e-05	6.735415e-05	9.588690e-05	1.304181e-04	1.714582e-04	2.197297e-04	2.761347e-04	3.417443e-04	4.177943e-04	5.056872e-04	6.069993e-04	7.234887e-04	8.571045e-04	1.009992e-03	1.184558e-03	1.383190e-03	1.608625e-03	1.863620e-03	2.150912e-03	2.473035e-03	2.832017e-03	3.229030e-03	3.663509e-03	4.132146e-03	4.627314e-03	5.136843e-03	5.646992e-03	6.145181e-03	6.621138e-03	7.067153e-03	7.477887e-03	7.850044e-03	8.182081e-03	8.473548e-03	8.725109e-03	8.938098e-03	9.114337e-03	9.255971e-03
1.200000e+02	 2.067691e-07	1.643596e-06	5.484096e-06	1.277902e-05	2.438016e-05	4.087999e-05	6.260979e-05	8.972678e-05	1.223619e-04	1.607550e-04	2.053295e-04	2.567101e-04	3.157141e-04	3.833382e-04	4.607848e-04	5.493259e-04	6.505036e-04	7.660116e-04	8.977341e-04	1.047750e-03	1.218332e-03	1.411928e-03	1.631130e-03	1.878595e-03	2.157027e-03	2.468868e-03	2.816128e-03	3.199931e-03	3.619834e-03	4.072774e-03	4.551586e-03	5.044777e-03	5.539295e-03	6.023099e-03	6.486304e-03	6.921396e-03	7.323118e-03	7.688151e-03	8.014765e-03	8.302476e-03	8.551751e-03	8.763752e-03	8.940131e-03
1.240000e+02	 1.727869e-07	1.379161e-06	4.634004e-06	1.090187e-05	2.104544e-05	3.575686e-05	5.549740e-05	8.049096e-05	1.108013e-04	1.464714e-04	1.876552e-04	2.346938e-04	2.881240e-04	3.487145e-04	4.173886e-04	4.952547e-04	5.835946e-04	6.838674e-04	7.977157e-04	9.269777e-04	1.073660e-03	1.239976e-03	1.428305e-03	1.641161e-03	1.881141e-03	2.150821e-03	2.452599e-03	2.788438e-03	3.159464e-03	3.565321e-03	4.003164e-03	4.466256e-03	4.943735e-03	5.423193e-03	5.893115e-03	6.343956e-03	6.768412e-03	7.161301e-03	7.519289e-03	7.840563e-03	8.124516e-03	8.371465e-03	8.582413e-03
1.280000e+02	 1.389107e-07	1.112394e-06	3.758722e-06	8.913618e-06	1.738571e-05	2.990738e-05	4.706642e-05	6.924425e-05	9.660470e-05	1.291592e-04	1.668930e-04	2.099014e-04	2.584624e-04	3.130615e-04	3.743866e-04	4.433158e-04	5.209088e-04	6.084029e-04	7.072135e-04	8.189371e-04	9.453536e-04	1.088427e-03	1.250299e-03	1.433274e-03	1.639789e-03	1.872355e-03	2.133468e-03	2.425456e-03	2.750239e-03	3.108942e-03	3.501287e-03	3.924637e-03	4.372653e-03	4.835051e-03	5.300026e-03	5.756557e-03	6.195440e-03	6.609569e-03	6.993845e-03	7.344927e-03	7.660933e-03	7.941144e-03	8.185744e-03
1.320000e+02	 1.081257e-07	8.683274e-07	2.947550e-06	7.035971e-06	1.384235e-05	2.406993e-05	3.836704e-05	5.725963e-05	8.108608e-05	1.099775e-04	1.439169e-04	1.828588e-04	2.268549e-04	2.761343e-04	3.311320e-04	3.924890e-04	4.610408e-04	5.378070e-04	6.239848e-04	7.209473e-04	8.302437e-04	9.536009e-04	1.092922e-03	1.250279e-03	1.427902e-03	1.628145e-03	1.853438e-03	2.106199e-03	2.388692e-03	2.702791e-03	3.049633e-03	3.429006e-03	3.838459e-03	4.272028e-03	4.719969e-03	5.171040e-03	5.614684e-03	6.042023e-03	6.446146e-03	6.822043e-03	7.166373e-03	7.477196e-03	7.753698e-03
1.360000e+02	 8.172624e-08	6.576428e-07	2.240827e-06	5.378417e-06	1.065974e-05	1.870968e-05	3.016388e-05	4.561910e-05	6.556514e-05	9.031844e-05	1.199984e-04	1.545756e-04	1.939866e-04	2.382569e-04	2.875828e-04	3.423643e-04	4.032060e-04	4.709064e-04	5.464464e-04	6.309820e-04	7.258405e-04	8.325201e-04	9.526891e-04	1.088185e-03	1.241013e-03	1.413320e-03	1.607388e-03	1.825568e-03	2.070200e-03	2.343507e-03	2.647314e-03	2.982751e-03	3.349681e-03	3.745829e-03	4.165572e-03	4.599669e-03	5.037406e-03	5.468660e-03	5.884869e-03	6.279313e-03	6.647070e-03	6.984812e-03	7.290553e-03
1.400000e+02	 5.977094e-08	4.821124e-07	1.648571e-06	3.977500e-06	7.936942e-06	1.405019e-05	2.288879e-05	3.504443e-05	5.108217e-05	7.147165e-05	9.652066e-05	1.263477e-04	1.609257e-04	2.001901e-04	2.441565e-04	2.930022e-04	3.471002e-04	4.070223e-04	4.735299e-04	5.475629e-04	6.302318e-04	7.228131e-04	8.267484e-04	9.436452e-04	1.075276e-03	1.223575e-03	1.390625e-03	1.578631e-03	1.789863e-03	2.026629e-03	2.291056e-03	2.584951e-03	2.909441e-03	3.264452e-03	3.647873e-03	4.054395e-03	4.475245e-03	4.900200e-03	5.319553e-03	5.725039e-03	6.110129e-03	6.469993e-03	6.801321e-03
1.440000e+02	 4.196951e-08	3.393519e-07	1.165337e-06	2.827537e-06	5.683274e-06	1.014934e-05	1.670655e-05	2.589052e-05	3.826477e-05	5.437374e-05	7.467700e-05	9.948452e-05	1.289274e-04	1.629954e-04	2.016347e-04	2.448602e-04	2.928351e-04	3.459075e-04	4.046162e-04	4.696830e-04	5.420025e-04	6.226351e-04	7.128039e-04	8.138945e-04	9.274555e-04	1.055198e-03	1.198992e-03	1.360836e-03	1.542913e-03	1.747411e-03	1.976547e-03	2.232414e-03	2.516762e-03	2.830754e-03	3.174357e-03	3.545607e-03	3.939491e-03	4.347669e-03	4.760380e-03	5.168332e-03	5.563498e-03	5.939557e-03	6.291775e-03
1.480000e+02	 2.781605e-08	2.256027e-07	7.788187e-07	1.903812e-06	3.861158e-06	6.968654e-06	1.161040e-05	1.823839e-05	2.736280e-05	3.952882e-05	5.527074e-05	7.504984e-05	9.918980e-05	1.278436e-04	1.610229e-04	1.986883e-04	2.408558e-04	2.876756e-04	3.394704e-04	3.967433e-04	4.601734e-04	5.306089e-04	6.090610e-04	6.967019e-04	7.948642e-04	9.050418e-04	1.028889e-03	1.168196e-03	1.324970e-03	1.501253e-03	1.699191e-03	1.920949e-03	2.168570e-03	2.443790e-03	2.747732e-03	3.080426e-03	3.440048e-03	3.821854e-03	4.217913e-03	4.618897e-03	5.015862e-03	5.401116e-03	5.768464e-03
1.520000e+02	 1.669532e-08	1.362699e-07	4.746583e-07	1.173525e-06	2.413167e-06	4.424705e-06	7.500099e-06	1.200056e-05	1.835908e-05	2.707115e-05	3.867488e-05	5.370503e-05	7.263245e-05	9.579768e-05	1.233753e-04	1.553985e-04	1.918413e-04	2.327195e-04	2.781688e-04	3.284846e-04	3.841348e-04	4.457583e-04	5.141600e-04	5.903058e-04	6.753212e-04	7.704905e-04	8.772242e-04	9.972008e-04	1.132131e-03	1.283917e-03	1.454551e-03	1.646147e-03	1.860799e-03	2.100500e-03	2.366950e-03	2.661270e-03	2.983532e-03	3.332041e-03	3.702308e-03	4.086779e-03	4.476534e-03	4.862980e-03	5.238675e-03
1.560000e+02	 8.125918e-09	6.701620e-08	2.378679e-07	6.031849e-07	1.277665e-06	2.418875e-06	4.238350e-06	7.011761e-06	1.108817e-05	1.689125e-05	2.491419e-05	3.569449e-05	4.977062e-05	6.762176e-05	8.960281e-05	1.159068e-04	1.465845e-04	1.816193e-04	2.210250e-04	2.649230e-04	3.135849e-04	3.674479e-04	4.271156e-04	4.933544e-04	5.670902e-04	6.494063e-04	7.415088e-04	8.448720e-04	9.610184e-04	1.091611e-03	1.238514e-03	1.403676e-03	1.589143e-03	1.796952e-03	2.029045e-03	2.287089e-03	2.572198e-03	2.884489e-03	3.222382e-03	3.581622e-03	3.955013e-03	4.334015e-03	4.710360e-03
1.600000e+02	 1.474908e-09	1.347760e-08	5.489620e-08	1.616147e-07	3.956284e-07	8.545221e-07	1.682715e-06	3.081923e-06	5.322852e-06	8.751858e-06	1.379243e-05	2.093617e-05	3.071942e-05	4.368237e-05	6.030871e-05	8.096264e-05	1.058499e-04	1.350339e-04	1.685064e-04	2.062813e-04	2.484700e-04	2.953259e-04	3.472608e-04	4.048487e-04	4.688231e-04	5.400321e-04	6.196122e-04	7.087366e-04	8.086980e-04	9.210329e-04	1.047391e-03	1.189556e-03	1.349416e-03	1.528970e-03	1.730193e-03	1.954983e-03	2.204974e-03	2.481273e-03	2.784033e-03	3.111783e-03	3.460487e-03	3.823278e-03	4.191968e-03
1.640000e+02	 -3.623187e-09	-2.762951e-08	-8.571102e-08	-1.782136e-07	-2.845627e-07	-3.542073e-07	-2.964378e-07	3.019174e-08	8.292904e-07	2.371580e-06	5.003783e-06	9.147319e-06	1.529075e-05	2.396631e-05	3.571085e-05	5.100701e-05	7.022274e-05	9.357402e-05	1.211367e-04	1.529132e-04	1.889213e-04	2.292678e-04	2.741931e-04	3.240896e-04	3.794614e-04	4.411473e-04	5.098691e-04	5.866795e-04	6.727360e-04	7.693457e-04	8.779640e-04	1.000190e-03	1.137756e-03	1.292489e-03	1.466341e-03	1.661235e-03	1.879022e-03	2.121291e-03	2.389175e-03	2.682825e-03	3.000880e-03	3.339509e-03	3.692141e-03
1.680000e+02	 -7.492872e-09	-5.897408e-08	-1.933262e-07	-4.385260e-07	-8.049942e-07	-1.277509e-06	-1.806020e-06	-2.297154e-06	-2.605728e-06	-2.527401e-06	-1.789386e-06	-4.767706e-08	3.114912e-06	8.179199e-06	1.567021e-05	2.611383e-05	3.999008e-05	5.767064e-05	7.938219e-05	1.052151e-04	1.351853e-04	1.693184e-04	2.076760e-04	2.506261e-04	2.984090e-04	3.515969e-04	4.108666e-04	4.770429e-04	5.510975e-04	6.341487e-04	7.274613e-04	8.324451e-04	9.506504e-04	1.083759e-03	1.233563e-03	1.401909e-03	1.590726e-03	1.801799e-03	2.036698e-03	2.296509e-03	2.581446e-03	2.890229e-03	3.219199e-03
1.720000e+02	 -1.047346e-08	-8.295633e-08	-2.752140e-07	-6.354944e-07	-1.196295e-06	-1.967420e-06	-2.929898e-06	-4.029130e-06	-5.166952e-06	-6.196072e-06	-6.911074e-06	-7.042146e-06	-6.250667e-06	-4.129017e-06	-2.076370e-07	6.026360e-06	1.509314e-05	2.746965e-05	4.353256e-05	6.352259e-05	8.754253e-05	1.156265e-04	1.478108e-04	1.842048e-04	2.250341e-04	2.706614e-04	3.215928e-04	3.784790e-04	4.421143e-04	5.134364e-04	5.935264e-04	6.836084e-04	7.850488e-04	8.993529e-04	1.028153e-03	1.173192e-03	1.336260e-03	1.519245e-03	1.723882e-03	1.951710e-03	2.203804e-03	2.480401e-03	2.780288e-03
