Omm=0.3111	 Omb=0.0490	 h=0.677	 ns=0.9665	 Acamb=2.105e-09
z=0.0000	 D1=0.786	 D10=0.786	 f=0.5234	 r=0.00 Mpc/h
Mixed variance for the mult02, with coefficient set to 1
0.000000e+00	 4.000000e+00	8.000000e+00	1.200000e+01	1.600000e+01	2.000000e+01	2.400000e+01	2.800000e+01	3.200000e+01	3.600000e+01	4.000000e+01	4.400000e+01	4.800000e+01	5.200000e+01	5.600000e+01	6.000000e+01	6.400000e+01	6.800000e+01	7.200000e+01	7.600000e+01	8.000000e+01	8.400000e+01	8.800000e+01	9.200000e+01	9.600000e+01	1.000000e+02	1.040000e+02	1.080000e+02	1.120000e+02	1.160000e+02	1.200000e+02	1.240000e+02	1.280000e+02	1.320000e+02	1.360000e+02	1.400000e+02	1.440000e+02	1.480000e+02	1.520000e+02	1.560000e+02	1.600000e+02	1.640000e+02	1.680000e+02	1.720000e+02
4.000000e+00	 1.020077e-01	5.982708e-01	4.581260e-01	3.379166e-01	2.549834e-01	1.972332e-01	1.556938e-01	1.252866e-01	1.023804e-01	8.473664e-02	7.094254e-02	5.992845e-02	5.107901e-02	4.386724e-02	3.793415e-02	3.300353e-02	2.889524e-02	2.543860e-02	2.251880e-02	2.000436e-02	1.769740e-02	1.536270e-02	1.287545e-02	1.052495e-02	8.873590e-03	8.137090e-03	8.013293e-03	8.053131e-03	7.989866e-03	7.758767e-03	7.387709e-03	6.933548e-03	6.443240e-03	5.951459e-03	5.476528e-03	5.029460e-03	4.615092e-03	4.234415e-03	3.887941e-03	3.574220e-03	3.287540e-03	3.028169e-03	2.793920e-03
8.000000e+00	 -5.193611e-03	1.728407e-02	2.764060e-01	2.679751e-01	2.228422e-01	1.805759e-01	1.465409e-01	1.198040e-01	9.894292e-02	8.253237e-02	6.943774e-02	5.892554e-02	5.037024e-02	4.336311e-02	3.756652e-02	3.274336e-02	2.869547e-02	2.529238e-02	2.239100e-02	1.983809e-02	1.745358e-02	1.508278e-02	1.276533e-02	1.073602e-02	9.239471e-03	8.390745e-03	8.060482e-03	7.970590e-03	7.872591e-03	7.652995e-03	7.309757e-03	6.880450e-03	6.409596e-03	5.930018e-03	5.463636e-03	5.022073e-03	4.611029e-03	4.233238e-03	3.887966e-03	3.574023e-03	3.288986e-03	3.029984e-03	2.794049e-03
1.200000e+01	 -2.890779e-03	-1.164626e-02	-6.828900e-03	1.470114e-01	1.671257e-01	1.520029e-01	1.305879e-01	1.104145e-01	9.310066e-02	7.873190e-02	6.692666e-02	5.719092e-02	4.917312e-02	4.250388e-02	3.694850e-02	3.229399e-02	2.836958e-02	2.503171e-02	2.214060e-02	1.953047e-02	1.707116e-02	1.475771e-02	1.269733e-02	1.098873e-02	9.671158e-03	8.740718e-03	8.181316e-03	7.892583e-03	7.707735e-03	7.488840e-03	7.179076e-03	6.789303e-03	6.350205e-03	5.892706e-03	5.441093e-03	5.008695e-03	4.604268e-03	4.229866e-03	3.886897e-03	3.574449e-03	3.289777e-03	3.031131e-03	2.794037e-03
1.600000e+01	 -1.752295e-03	-6.367250e-03	-1.466941e-02	-1.543479e-02	8.489677e-02	1.097263e-01	1.071449e-01	9.659555e-02	8.457406e-02	7.324413e-02	6.325963e-02	5.470926e-02	4.742821e-02	4.127552e-02	3.606500e-02	3.164736e-02	2.788203e-02	2.462785e-02	2.173279e-02	1.908023e-02	1.664584e-02	1.449978e-02	1.269643e-02	1.122876e-02	1.003938e-02	9.092404e-03	8.370294e-03	7.873179e-03	7.548306e-03	7.288376e-03	7.003094e-03	6.657384e-03	6.259912e-03	5.835016e-03	5.405267e-03	4.987958e-03	4.592584e-03	4.224416e-03	3.885359e-03	3.574610e-03	3.290835e-03	3.031348e-03	2.794373e-03
2.000000e+01	 -8.284648e-04	-3.562908e-03	-8.440565e-03	-1.576433e-02	-1.842134e-02	5.149412e-02	7.490255e-02	7.768674e-02	7.293820e-02	6.580728e-02	5.834646e-02	5.135494e-02	4.510811e-02	3.962790e-02	3.488279e-02	3.077768e-02	2.720889e-02	2.403411e-02	2.115937e-02	1.855269e-02	1.626464e-02	1.433086e-02	1.273256e-02	1.141298e-02	1.030715e-02	9.367382e-03	8.572031e-03	7.927493e-03	7.445673e-03	7.094343e-03	6.798009e-03	6.488221e-03	6.136510e-03	5.752410e-03	5.353580e-03	4.956638e-03	4.574567e-03	4.215218e-03	3.881512e-03	3.573540e-03	3.290812e-03	3.031817e-03	2.795533e-03
2.400000e+01	 -4.220657e-04	-2.107669e-03	-4.969140e-03	-9.420130e-03	-1.579182e-02	-1.908546e-02	3.207659e-02	5.265491e-02	5.764801e-02	5.608062e-02	5.195868e-02	4.703458e-02	4.210960e-02	3.751764e-02	3.335965e-02	2.964337e-02	2.628836e-02	2.323371e-02	2.046484e-02	1.802940e-02	1.595267e-02	1.421557e-02	1.276247e-02	1.153209e-02	1.047376e-02	9.546395e-03	8.729183e-03	8.014953e-03	7.417578e-03	6.953291e-03	6.597778e-03	6.291420e-03	5.979692e-03	5.640786e-03	5.280100e-03	4.911504e-03	4.548122e-03	4.200854e-03	3.874182e-03	3.570353e-03	3.289938e-03	3.032626e-03	2.797597e-03
2.800000e+01	 -3.943970e-04	-1.272805e-03	-3.059216e-03	-5.783386e-03	-9.752601e-03	-1.529266e-02	-1.872204e-02	2.014066e-02	3.785364e-02	4.359623e-02	4.380693e-02	4.156826e-02	3.834673e-02	3.486415e-02	3.143943e-02	2.816898e-02	2.509858e-02	2.226016e-02	1.972803e-02	1.753803e-02	1.567967e-02	1.410140e-02	1.275019e-02	1.157903e-02	1.055408e-02	9.637916e-03	8.819026e-03	8.084577e-03	7.434168e-03	6.882941e-03	6.443288e-03	6.098750e-03	5.799125e-03	5.499770e-03	5.180954e-03	4.846787e-03	4.508610e-03	4.177980e-03	3.861529e-03	3.563897e-03	3.287720e-03	3.033419e-03	2.800080e-03
3.200000e+01	 -1.981514e-04	-8.635384e-04	-1.949663e-03	-3.683317e-03	-6.185069e-03	-9.708210e-03	-1.454972e-02	-1.789642e-02	1.250397e-02	2.768066e-02	3.350813e-02	3.470308e-02	3.365721e-02	3.155655e-02	2.901122e-02	2.631359e-02	2.364846e-02	2.117585e-02	1.896984e-02	1.705056e-02	1.539024e-02	1.394476e-02	1.267564e-02	1.155376e-02	1.055354e-02	9.656110e-03	8.847062e-03	8.113405e-03	7.450682e-03	6.859241e-03	6.352929e-03	5.944724e-03	5.620169e-03	5.336075e-03	5.054455e-03	4.759053e-03	4.452516e-03	4.143320e-03	3.841460e-03	3.553619e-03	3.283529e-03	3.033207e-03	2.802344e-03
3.600000e+01	 -1.349652e-04	-5.664546e-04	-1.315880e-03	-2.427246e-03	-4.050914e-03	-6.315754e-03	-9.445226e-03	-1.370417e-02	-1.688158e-02	7.474359e-03	2.051047e-02	2.611438e-02	2.780233e-02	2.743744e-02	2.599274e-02	2.406813e-02	2.198892e-02	1.998950e-02	1.816131e-02	1.651364e-02	1.503945e-02	1.371623e-02	1.252718e-02	1.145660e-02	1.048898e-02	9.614284e-03	8.819110e-03	8.098576e-03	7.440860e-03	6.843941e-03	6.308340e-03	5.847994e-03	5.473157e-03	5.171295e-03	4.907053e-03	4.646490e-03	4.374395e-03	4.093208e-03	3.811342e-03	3.537195e-03	3.276138e-03	3.030934e-03	2.803219e-03
4.000000e+01	 -9.757927e-05	-3.779782e-04	-9.000693e-04	-1.665234e-03	-2.734115e-03	-4.229739e-03	-6.274497e-03	-9.061623e-03	-1.283178e-02	-1.580288e-02	4.088711e-03	1.531212e-02	2.048607e-02	2.230552e-02	2.230960e-02	2.139858e-02	2.009410e-02	1.866803e-02	1.724161e-02	1.587613e-02	1.459020e-02	1.339825e-02	1.229867e-02	1.128695e-02	1.036355e-02	9.517620e-03	8.747663e-03	8.043763e-03	7.400445e-03	6.811415e-03	6.275366e-03	5.793395e-03	5.375722e-03	5.034013e-03	4.757640e-03	4.513414e-03	4.272902e-03	4.023695e-03	3.767915e-03	3.512030e-03	3.262818e-03	3.025461e-03	2.802621e-03
4.400000e+01	 -6.528368e-05	-2.755464e-04	-6.228545e-04	-1.163273e-03	-1.905763e-03	-2.909294e-03	-4.275743e-03	-6.119307e-03	-8.612400e-03	-1.197667e-02	-1.476905e-02	1.674737e-03	1.129558e-02	1.596353e-02	1.787268e-02	1.828848e-02	1.791077e-02	1.712804e-02	1.615065e-02	1.508992e-02	1.402110e-02	1.297620e-02	1.198204e-02	1.104813e-02	1.017952e-02	9.374688e-03	8.634521e-03	7.954293e-03	7.330274e-03	6.758064e-03	6.231944e-03	5.750520e-03	5.316895e-03	4.940594e-03	4.629870e-03	4.376579e-03	4.153205e-03	3.933718e-03	3.706788e-03	3.473974e-03	3.241166e-03	3.014860e-03	2.799343e-03
4.800000e+01	 -4.508046e-05	-1.928013e-04	-4.527753e-04	-8.217773e-04	-1.352233e-03	-2.053586e-03	-2.981746e-03	-4.227726e-03	-5.898899e-03	-8.169952e-03	-1.126031e-02	-1.396866e-02	-2.353542e-04	8.146703e-03	1.251915e-02	1.458231e-02	1.531853e-02	1.529587e-02	1.482125e-02	1.412334e-02	1.330150e-02	1.243820e-02	1.157206e-02	1.073347e-02	9.934098e-03	9.182793e-03	8.481723e-03	7.832948e-03	7.233274e-03	6.679681e-03	6.171407e-03	5.701875e-03	5.271054e-03	4.880944e-03	4.540411e-03	4.259327e-03	4.029296e-03	3.826055e-03	3.626280e-03	3.420391e-03	3.208240e-03	2.996880e-03	2.791523e-03
5.200000e+01	 -4.390294e-05	-1.436890e-04	-3.238160e-04	-6.009190e-04	-9.676029e-04	-1.471149e-03	-2.125378e-03	-2.986423e-03	-4.152038e-03	-5.741041e-03	-7.909966e-03	-1.079980e-02	-1.332128e-02	-1.539552e-03	5.955466e-03	1.007178e-02	1.217236e-02	1.304301e-02	1.319726e-02	1.292651e-02	1.241243e-02	1.176532e-02	1.106172e-02	1.033630e-02	9.625143e-03	8.939268e-03	8.288639e-03	7.678963e-03	7.110604e-03	6.581640e-03	6.092745e-03	5.639328e-03	5.219899e-03	4.833298e-03	4.482539e-03	4.176062e-03	3.921948e-03	3.713782e-03	3.529144e-03	3.347707e-03	3.160539e-03	2.968592e-03	2.776664e-03
5.600000e+01	 -1.968144e-05	-1.052535e-04	-2.412925e-04	-4.343984e-04	-7.083942e-04	-1.061910e-03	-1.540764e-03	-2.177492e-03	-3.042691e-03	-4.222140e-03	-5.766766e-03	-7.742456e-03	-1.027225e-02	-1.247798e-02	-2.222197e-03	4.473521e-03	8.265602e-03	1.027758e-02	1.120256e-02	1.146018e-02	1.131926e-02	1.094333e-02	1.043069e-02	9.852920e-03	9.247331e-03	8.643402e-03	8.055145e-03	7.492277e-03	6.959796e-03	6.460427e-03	5.994797e-03	5.561204e-03	5.157156e-03	4.782137e-03	4.435951e-03	4.120775e-03	3.844964e-03	3.615437e-03	3.427115e-03	3.260417e-03	3.096316e-03	2.926442e-03	2.751767e-03
6.000000e+01	 -2.156003e-05	-7.656644e-05	-1.751555e-04	-3.206852e-04	-5.156798e-04	-7.865888e-04	-1.152421e-03	-1.672041e-03	-2.373417e-03	-3.261455e-03	-4.341190e-03	-5.655952e-03	-7.326495e-03	-9.522028e-03	-1.149572e-02	-2.563622e-03	3.390594e-03	6.843789e-03	8.737141e-03	9.663559e-03	9.986440e-03	9.938516e-03	9.668799e-03	9.265132e-03	8.793472e-03	8.286632e-03	7.773972e-03	7.268368e-03	6.781323e-03	6.316516e-03	5.877998e-03	5.466079e-03	5.081237e-03	4.721620e-03	4.386726e-03	4.076544e-03	3.793143e-03	3.544321e-03	3.337833e-03	3.168077e-03	3.017389e-03	2.868352e-03	2.713848e-03
6.400000e+01	 -1.385617e-05	-5.475467e-05	-1.274393e-04	-2.343221e-04	-3.881828e-04	-6.100316e-04	-9.408795e-04	-1.394408e-03	-1.962060e-03	-2.600247e-03	-3.315233e-03	-4.173880e-03	-5.273466e-03	-6.742536e-03	-8.730620e-03	-1.058013e-02	-2.759175e-03	2.541152e-03	5.678880e-03	7.449597e-03	8.358030e-03	8.723613e-03	8.747422e-03	8.562865e-03	8.248622e-03	7.862978e-03	7.439528e-03	7.004206e-03	6.569932e-03	6.147186e-03	5.740620e-03	5.354928e-03	4.991290e-03	4.649538e-03	4.329347e-03	4.029724e-03	3.751252e-03	3.496774e-03	3.272744e-03	3.086508e-03	2.932917e-03	2.796520e-03	2.661321e-03
6.800000e+01	 -7.777580e-06	-3.996092e-05	-9.325545e-05	-1.800443e-04	-3.213558e-04	-5.458249e-04	-8.650903e-04	-1.252893e-03	-1.654688e-03	-2.069642e-03	-2.524374e-03	-3.081467e-03	-3.818281e-03	-4.814374e-03	-6.173411e-03	-8.019256e-03	-9.769496e-03	-2.887093e-03	1.851278e-03	4.708811e-03	6.361199e-03	7.245947e-03	7.638023e-03	7.717062e-03	7.600261e-03	7.358751e-03	7.046232e-03	6.692544e-03	6.322147e-03	5.948426e-03	5.581189e-03	5.225912e-03	4.886771e-03	4.565034e-03	4.261667e-03	3.975902e-03	3.707635e-03	3.457740e-03	3.228597e-03	3.026458e-03	2.857888e-03	2.719196e-03	2.595575e-03
7.200000e+01	 -9.730044e-06	-3.065672e-05	-7.818379e-05	-1.714541e-04	-3.346387e-04	-5.762748e-04	-8.571922e-04	-1.123014e-03	-1.364127e-03	-1.600566e-03	-1.886327e-03	-2.259757e-03	-2.766427e-03	-3.461259e-03	-4.404901e-03	-5.685172e-03	-7.412764e-03	-9.069186e-03	-2.974250e-03	1.283989e-03	3.894389e-03	5.438290e-03	6.294470e-03	6.703160e-03	6.824052e-03	6.760688e-03	6.579380e-03	6.326957e-03	6.032183e-03	5.717561e-03	5.395750e-03	5.076857e-03	4.764881e-03	4.467332e-03	4.182245e-03	3.912507e-03	3.657516e-03	3.417378e-03	3.192424e-03	2.985278e-03	2.802561e-03	2.650135e-03	2.524548e-03
7.600000e+01	 -5.639595e-06	-3.432114e-05	-1.000995e-04	-2.270962e-04	-4.194087e-04	-6.319931e-04	-8.114295e-04	-9.443367e-04	-1.054695e-03	-1.185891e-03	-1.366199e-03	-1.630294e-03	-1.997116e-03	-2.495869e-03	-3.169623e-03	-4.071194e-03	-5.280095e-03	-6.898408e-03	-8.462930e-03	-3.030139e-03	8.164889e-04	3.210374e-03	4.654157e-03	5.478231e-03	5.896091e-03	6.048539e-03	6.028529e-03	5.895156e-03	5.693271e-03	5.447859e-03	5.180853e-03	4.904540e-03	4.627275e-03	4.354663e-03	4.091431e-03	3.839086e-03	3.598742e-03	3.370671e-03	3.154612e-03	2.951704e-03	2.764527e-03	2.598937e-03	2.460754e-03
8.000000e+01	 -1.454286e-05	-6.455186e-05	-1.711720e-04	-3.318607e-04	-4.967227e-04	-6.144665e-04	-6.758093e-04	-7.076297e-04	-7.474241e-04	-8.211798e-04	-9.512137e-04	-1.146243e-03	-1.425303e-03	-1.799612e-03	-2.292659e-03	-2.943595e-03	-3.800972e-03	-4.939952e-03	-6.454680e-03	-7.930512e-03	-3.058845e-03	4.319807e-04	2.633882e-03	3.985471e-03	4.777207e-03	5.197453e-03	5.372814e-03	5.387322e-03	5.293716e-03	5.133805e-03	4.931109e-03	4.704744e-03	4.466673e-03	4.225632e-03	3.987025e-03	3.754468e-03	3.530319e-03	3.315621e-03	3.111400e-03	2.916607e-03	2.733261e-03	2.563609e-03	2.413410e-03
8.400000e+01	 -2.932752e-05	-1.222837e-04	-2.613122e-04	-3.924271e-04	-4.654889e-04	-4.782064e-04	-4.599911e-04	-4.463351e-04	-4.608349e-04	-5.168845e-04	-6.204726e-04	-7.799687e-04	-9.977985e-04	-1.288870e-03	-1.663265e-03	-2.143440e-03	-2.766939e-03	-3.578882e-03	-4.648753e-03	-6.065884e-03	-7.458145e-03	-3.065587e-03	1.166243e-04	2.148125e-03	3.414065e-03	4.172361e-03	4.590905e-03	4.783358e-03	4.824972e-03	4.764728e-03	4.640264e-03	4.472862e-03	4.281445e-03	4.076958e-03	3.866954e-03	3.657152e-03	3.451461e-03	3.251907e-03	3.059888e-03	2.876097e-03	2.700527e-03	2.534597e-03	2.380746e-03
8.800000e+01	 -4.738794e-05	-1.572465e-04	-2.615055e-04	-3.069546e-04	-2.925459e-04	-2.493608e-04	-2.104832e-04	-1.955816e-04	-2.146665e-04	-2.709299e-04	-3.662618e-04	-5.013681e-04	-6.823012e-04	-9.116593e-04	-1.203731e-03	-1.570246e-03	-2.032058e-03	-2.623662e-03	-3.388901e-03	-4.393072e-03	-5.720770e-03	-7.033132e-03	-3.052897e-03	-1.416987e-04	1.737101e-03	2.924505e-03	3.650233e-03	4.063728e-03	4.268334e-03	4.331765e-03	4.298537e-03	4.203546e-03	4.066627e-03	3.904605e-03	3.728435e-03	3.545457e-03	3.360811e-03	3.177712e-03	3.000456e-03	2.828228e-03	2.662554e-03	2.504266e-03	2.353850e-03
9.200000e+01	 -2.869035e-05	-8.028007e-05	-9.883935e-05	-7.542586e-05	-3.096199e-05	8.090850e-06	2.668465e-05	1.849650e-05	-1.789288e-05	-8.236682e-05	-1.746143e-04	-2.957746e-04	-4.473429e-04	-6.363065e-04	-8.663028e-04	-1.151987e-03	-1.503856e-03	-1.942969e-03	-2.502273e-03	-3.222763e-03	-4.165312e-03	-5.408976e-03	-6.647527e-03	-3.026005e-03	-3.529914e-04	1.389592e-03	2.504871e-03	3.198502e-03	3.604793e-03	3.817081e-03	3.897680e-03	3.887019e-03	3.816301e-03	3.704572e-03	3.568168e-03	3.416236e-03	3.256677e-03	3.093889e-03	2.931799e-03	2.772749e-03	2.618242e-03	2.469071e-03	2.325689e-03
9.600000e+01	 2.577407e-05	8.597458e-05	1.483588e-04	1.985092e-04	2.268481e-04	2.329484e-04	2.172686e-04	1.811422e-04	1.264331e-04	5.383560e-05	-3.673865e-05	-1.462535e-04	-2.775171e-04	-4.330852e-04	-6.205592e-04	-8.440902e-04	-1.117870e-03	-1.452592e-03	-1.867999e-03	-2.395449e-03	-3.073031e-03	-3.958690e-03	-5.126365e-03	-6.295411e-03	-2.986501e-03	-5.240877e-04	1.095862e-03	2.144524e-03	2.806626e-03	3.204303e-03	3.421669e-03	3.515405e-03	3.522371e-03	3.472118e-03	3.381985e-03	3.267040e-03	3.136146e-03	2.996487e-03	2.852793e-03	2.708800e-03	2.566576e-03	2.427676e-03	2.293103e-03
1.000000e+02	 5.655591e-05	1.858345e-04	3.099081e-04	3.797713e-04	3.985828e-04	3.810175e-04	3.407450e-04	2.860971e-04	2.197151e-04	1.433060e-04	5.635618e-05	-4.285339e-05	-1.562185e-04	-2.874833e-04	-4.393513e-04	-6.196954e-04	-8.330415e-04	-1.092839e-03	-1.409308e-03	-1.801522e-03	-2.298691e-03	-2.936928e-03	-3.769965e-03	-4.866848e-03	-5.971283e-03	-2.937066e-03	-6.619929e-04	8.472474e-04	1.834535e-03	2.466758e-03	2.854253e-03	3.073696e-03	3.177127e-03	3.198708e-03	3.165351e-03	3.093338e-03	2.996710e-03	2.883859e-03	2.761929e-03	2.635011e-03	2.506841e-03	2.379536e-03	2.254556e-03
1.040000e+02	 4.115326e-05	1.500119e-04	2.836156e-04	3.882547e-04	4.330332e-04	4.268811e-04	3.882853e-04	3.317949e-04	2.654584e-04	1.919080e-04	1.116509e-04	2.375760e-05	-7.403464e-05	-1.837949e-04	-3.092963e-04	-4.539594e-04	-6.248354e-04	-8.265660e-04	-1.071902e-03	-1.370829e-03	-1.741203e-03	-2.209869e-03	-2.810739e-03	-3.594765e-03	-4.626865e-03	-5.671353e-03	-2.880064e-03	-7.719471e-04	6.372558e-04	1.567818e-03	2.170845e-03	2.546921e-03	2.766527e-03	2.877312e-03	2.910469e-03	2.891061e-03	2.834415e-03	2.753679e-03	2.656756e-03	2.550154e-03	2.437938e-03	2.323823e-03	2.209610e-03
1.080000e+02	 1.060202e-05	5.251085e-05	1.355921e-04	2.408351e-04	3.265530e-04	3.639855e-04	3.567296e-04	3.201971e-04	2.671265e-04	2.046502e-04	1.355304e-04	6.011677e-05	-2.224522e-05	-1.137339e-04	-2.166787e-04	-3.344264e-04	-4.702263e-04	-6.311024e-04	-8.214544e-04	-1.053076e-03	-1.335124e-03	-1.684203e-03	-2.125890e-03	-2.692059e-03	-3.431073e-03	-4.403935e-03	-5.393273e-03	-2.816598e-03	-8.584180e-04	4.595946e-04	1.337181e-03	1.912248e-03	2.276592e-03	2.494779e-03	2.610529e-03	2.653016e-03	2.645391e-03	2.601967e-03	2.534858e-03	2.451664e-03	2.358494e-03	2.259327e-03	2.157437e-03
1.120000e+02	 -7.165547e-06	-1.776224e-05	-6.425945e-06	4.701864e-05	1.321103e-04	2.105943e-04	2.518424e-04	2.541364e-04	2.283427e-04	1.856398e-04	1.325583e-04	7.212887e-05	4.939444e-06	-6.971456e-05	-1.535074e-04	-2.485437e-04	-3.581597e-04	-4.854912e-04	-6.368217e-04	-8.160290e-04	-1.033992e-03	-1.299670e-03	-1.628812e-03	-2.045748e-03	-2.580429e-03	-3.277542e-03	-4.195628e-03	-5.134016e-03	-2.749172e-03	-9.260535e-04	3.087911e-04	1.137388e-03	1.685630e-03	2.037830e-03	2.253434e-03	2.372789e-03	2.422881e-03	2.425047e-03	2.392897e-03	2.337549e-03	2.266300e-03	2.184860e-03	2.097304e-03
1.160000e+02	 -1.161124e-05	-4.324477e-05	-7.774433e-05	-8.804355e-05	-5.366246e-05	1.861318e-05	9.378069e-05	1.401985e-04	1.524983e-04	1.380392e-04	1.064644e-04	6.366720e-05	1.238199e-05	-4.635686e-05	-1.130657e-04	-1.893340e-04	-2.771168e-04	-3.792840e-04	-4.983500e-04	-6.400712e-04	-8.082513e-04	-1.013481e-03	-1.264199e-03	-1.575094e-03	-1.968807e-03	-2.473716e-03	-3.132786e-03	-4.001286e-03	-4.891945e-03	-2.679051e-03	-9.781297e-04	1.806827e-04	9.637239e-04	1.486588e-03	1.826743e-03	2.039016e-03	2.160732e-03	2.216627e-03	2.227134e-03	2.204378e-03	2.159195e-03	2.098216e-03	2.027016e-03
1.200000e+02	 -1.188309e-05	-4.339470e-05	-8.966438e-05	-1.365796e-04	-1.590124e-04	-1.370741e-04	-7.517310e-05	-4.151345e-06	4.507045e-05	6.482016e-05	5.972653e-05	3.748673e-05	3.562233e-06	-3.952364e-05	-9.082722e-05	-1.507771e-04	-2.205827e-04	-3.015546e-04	-3.961642e-04	-5.070559e-04	-6.397851e-04	-7.981624e-04	-9.916467e-04	-1.228220e-03	-1.521891e-03	-1.894251e-03	-2.372456e-03	-2.996737e-03	-3.819146e-03	-4.659937e-03	-2.607628e-03	-1.017479e-03	7.180374e-05	8.127247e-04	1.311549e-03	1.639734e-03	1.847986e-03	1.970926e-03	2.031538e-03	2.049006e-03	2.033963e-03	1.997616e-03	1.945666e-03
1.240000e+02	 -7.868420e-06	-3.399092e-05	-7.565087e-05	-1.280157e-04	-1.800255e-04	-2.097084e-04	-1.973632e-04	-1.450230e-04	-7.941187e-05	-2.980859e-05	-5.727344e-06	-4.272237e-06	-1.939147e-05	-4.639833e-05	-8.316931e-05	-1.286592e-04	-1.826042e-04	-2.460430e-04	-3.203634e-04	-4.082032e-04	-5.119533e-04	-6.365734e-04	-7.855268e-04	-9.679909e-04	-1.191598e-03	-1.469861e-03	-1.822931e-03	-2.276409e-03	-2.868364e-03	-3.648509e-03	-4.454843e-03	-2.535835e-03	-1.046116e-03	-2.054661e-05	6.812629e-04	1.157395e-03	1.473841e-03	1.677571e-03	1.800829e-03	1.864921e-03	1.887684e-03	1.879903e-03	1.850894e-03
1.280000e+02	 -6.250025e-06	-2.398354e-05	-5.501492e-05	-9.935314e-05	-1.534981e-04	-2.074739e-04	-2.417780e-04	-2.370486e-04	-1.933408e-04	-1.341525e-04	-8.629819e-05	-6.026453e-05	-5.483169e-05	-6.527834e-05	-8.755994e-05	-1.192057e-04	-1.591595e-04	-2.075377e-04	-2.654686e-04	-3.342753e-04	-4.160534e-04	-5.130138e-04	-6.299925e-04	-7.704153e-04	-9.430668e-04	-1.155149e-03	-1.419219e-03	-1.754382e-03	-2.185225e-03	-2.747619e-03	-3.488696e-03	-4.257097e-03	-2.463934e-03	-1.065787e-03	-9.871999e-05	5.667573e-04	1.021303e-03	1.326235e-03	1.525131e-03	1.647902e-03	1.714762e-03	1.741948e-03	1.739841e-03
1.320000e+02	 -3.832287e-06	-1.588595e-05	-3.718999e-05	-6.982790e-05	-1.141410e-04	-1.678624e-04	-2.220136e-04	-2.589884e-04	-2.605787e-04	-2.248958e-04	-1.722749e-04	-1.277284e-04	-1.019561e-04	-9.476614e-05	-1.019366e-04	-1.199942e-04	-1.470878e-04	-1.826011e-04	-2.265969e-04	-2.798248e-04	-3.434125e-04	-4.195759e-04	-5.105067e-04	-6.209065e-04	-7.539442e-04	-9.176979e-04	-1.119099e-03	-1.370190e-03	-1.689015e-03	-2.098707e-03	-2.633580e-03	-3.338328e-03	-4.071370e-03	-2.392655e-03	-1.077917e-03	-1.647929e-04	4.667519e-04	9.008607e-04	1.194517e-03	1.388303e-03	1.510081e-03	1.578859e-03	1.609870e-03
1.360000e+02	 -2.214317e-06	-1.004601e-05	-2.445774e-05	-4.648798e-05	-7.865286e-05	-1.215266e-04	-1.735167e-04	-2.270863e-04	-2.658694e-04	-2.724557e-04	-2.441233e-04	-1.984814e-04	-1.582708e-04	-1.335796e-04	-1.249846e-04	-1.295065e-04	-1.444903e-04	-1.683396e-04	-2.002714e-04	-2.402203e-04	-2.891308e-04	-3.482742e-04	-4.198018e-04	-5.057070e-04	-6.101991e-04	-7.364382e-04	-8.921073e-04	-1.083776e-03	-1.322801e-03	-1.626300e-03	-2.016442e-03	-2.525706e-03	-3.196947e-03	-3.896991e-03	-2.322060e-03	-1.084030e-03	-2.207165e-04	3.792375e-04	7.940881e-04	1.076812e-03	1.265331e-03	1.385860e-03	1.455974e-03
1.400000e+02	 -1.909691e-06	-6.741785e-06	-1.554399e-05	-3.028204e-05	-5.164368e-05	-8.230511e-05	-1.234367e-04	-1.734362e-04	-2.258058e-04	-2.657282e-04	-2.769246e-04	-2.554584e-04	-2.160567e-04	-1.794607e-04	-1.559031e-04	-1.468411e-04	-1.499415e-04	-1.626955e-04	-1.836853e-04	-2.123749e-04	-2.490390e-04	-2.946411e-04	-3.502349e-04	-4.177069e-04	-4.990310e-04	-5.982791e-04	-7.183841e-04	-8.665490e-04	-1.049076e-03	-1.276838e-03	-1.566180e-03	-1.938049e-03	-2.423556e-03	-3.063498e-03	-3.732744e-03	-2.252926e-03	-1.085153e-03	-2.678557e-04	3.026058e-04	6.991984e-04	9.714772e-04	1.154897e-03	1.273864e-03
1.440000e+02	 -7.978750e-07	-4.140555e-06	-1.018125e-05	-1.901783e-05	-3.303893e-05	-5.355021e-05	-8.264606e-05	-1.217456e-04	-1.698452e-04	-2.212565e-04	-2.621943e-04	-2.766959e-04	-2.602079e-04	-2.258908e-04	-1.929811e-04	-1.712821e-04	-1.623277e-04	-1.642219e-04	-1.750608e-04	-1.938940e-04	-2.203544e-04	-2.546087e-04	-2.974024e-04	-3.498360e-04	-4.138145e-04	-4.910907e-04	-5.854573e-04	-6.997939e-04	-8.409852e-04	-1.015029e-03	-1.232290e-03	-1.508365e-03	-1.863406e-03	-2.326917e-03	-2.937783e-03	-3.578245e-03	-2.185093e-03	-1.082247e-03	-3.075580e-04	2.354848e-04	6.150223e-04	8.772968e-04	1.055453e-03
1.480000e+02	 -6.861257e-07	-2.649390e-06	-6.009540e-06	-1.185757e-05	-2.064006e-05	-3.390345e-05	-5.331604e-05	-8.101516e-05	-1.186628e-04	-1.652156e-04	-2.150739e-04	-2.554930e-04	-2.719442e-04	-2.597781e-04	-2.303760e-04	-2.009904e-04	-1.808812e-04	-1.720693e-04	-1.733528e-04	-1.832020e-04	-2.006847e-04	-2.253807e-04	-2.575447e-04	-2.980105e-04	-3.477608e-04	-4.084720e-04	-4.819540e-04	-5.718143e-04	-6.807065e-04	-8.154891e-04	-9.816299e-04	-1.189259e-03	-1.453089e-03	-1.792412e-03	-2.235374e-03	-2.819084e-03	-3.432969e-03	-2.119288e-03	-1.075945e-03	-3.405635e-04	1.769449e-04	5.402209e-04	7.926398e-04
1.520000e+02	 -4.415993e-07	-1.309748e-06	-3.437990e-06	-7.080878e-06	-1.261574e-05	-2.093883e-05	-3.368585e-05	-5.254839e-05	-7.932562e-05	-1.150269e-04	-1.589521e-04	-2.064881e-04	-2.463110e-04	-2.645753e-04	-2.560330e-04	-2.305441e-04	-2.041158e-04	-1.857949e-04	-1.778467e-04	-1.791385e-04	-1.883476e-04	-2.047408e-04	-2.280818e-04	-2.585665e-04	-2.969140e-04	-3.441132e-04	-4.018546e-04	-4.718573e-04	-5.575131e-04	-6.615530e-04	-7.902670e-04	-9.491802e-04	-1.147785e-03	-1.400278e-03	-1.724860e-03	-2.148880e-03	-2.707393e-03	-3.296119e-03	-2.055073e-03	-1.066580e-03	-3.678685e-04	1.254811e-04	4.733765e-04
1.560000e+02	 4.522683e-08	-6.544490e-07	-2.034297e-06	-3.983599e-06	-7.397844e-06	-1.288275e-05	-2.130300e-05	-3.391068e-05	-5.166665e-05	-7.640162e-05	-1.096773e-04	-1.512664e-04	-1.969501e-04	-2.359381e-04	-2.550763e-04	-2.492617e-04	-2.273323e-04	-2.040926e-04	-1.878747e-04	-1.808523e-04	-1.823436e-04	-1.912033e-04	-2.068428e-04	-2.289659e-04	-2.578431e-04	-2.942717e-04	-3.391793e-04	-3.941580e-04	-4.609078e-04	-5.427722e-04	-6.423342e-04	-7.655653e-04	-9.177498e-04	-1.107884e-03	-1.349751e-03	-1.660729e-03	-2.066596e-03	-2.601345e-03	-3.166057e-03	-1.992490e-03	-1.055098e-03	-3.905229e-04	8.038962e-05
1.600000e+02	 -3.877707e-07	-6.816715e-07	-1.006901e-06	-2.257129e-06	-4.406892e-06	-8.197873e-06	-1.394010e-05	-2.176805e-05	-3.299947e-05	-4.914280e-05	-7.225172e-05	-1.037226e-04	-1.431071e-04	-1.864989e-04	-2.241798e-04	-2.440248e-04	-2.409162e-04	-2.224823e-04	-2.021238e-04	-1.878229e-04	-1.818639e-04	-1.836937e-04	-1.922835e-04	-2.071684e-04	-2.282113e-04	-2.556813e-04	-2.903272e-04	-3.331079e-04	-3.856376e-04	-4.495207e-04	-5.279388e-04	-6.233562e-04	-7.413336e-04	-8.873081e-04	-1.069679e-03	-1.301412e-03	-1.599385e-03	-1.988267e-03	-2.500932e-03	-3.043469e-03	-1.932106e-03	-1.041799e-03	-4.089261e-04
1.640000e+02	 1.131319e-07	-1.290127e-07	-7.112411e-07	-1.460663e-06	-3.239589e-06	-5.820671e-06	-9.169298e-06	-1.383116e-05	-2.057310e-05	-3.089508e-05	-4.610502e-05	-6.772005e-05	-9.704187e-05	-1.340107e-04	-1.753848e-04	-2.121968e-04	-2.328297e-04	-2.319799e-04	-2.165201e-04	-1.988482e-04	-1.864077e-04	-1.813919e-04	-1.834326e-04	-1.917938e-04	-2.060415e-04	-2.260817e-04	-2.522683e-04	-2.853656e-04	-3.263496e-04	-3.766986e-04	-4.379382e-04	-5.131035e-04	-6.046385e-04	-7.179052e-04	-8.578361e-04	-1.032711e-03	-1.254967e-03	-1.540836e-03	-1.914039e-03	-2.405945e-03	-2.927294e-03	-1.866500e-03	-1.027022e-03
1.680000e+02	 -9.837686e-09	-6.051524e-08	-5.683571e-07	-1.736637e-06	-2.981557e-06	-4.304079e-06	-5.909591e-06	-8.401296e-06	-1.256065e-05	-1.892836e-05	-2.844954e-05	-4.229569e-05	-6.221247e-05	-8.976364e-05	-1.250175e-04	-1.648317e-04	-2.006664e-04	-2.217327e-04	-2.228683e-04	-2.100625e-04	-1.946666e-04	-1.837620e-04	-1.795643e-04	-1.818609e-04	-1.899808e-04	-2.036454e-04	-2.228733e-04	-2.480182e-04	-2.798236e-04	-3.191351e-04	-3.674110e-04	-4.262176e-04	-4.983876e-04	-5.862008e-04	-6.948396e-04	-8.291064e-04	-9.970594e-04	-1.210650e-03	-1.485206e-03	-1.843471e-03	-2.308942e-03	-2.817351e-03	-1.816828e-03
1.720000e+02	 -1.279513e-07	-5.191597e-07	-1.191006e-06	-2.038855e-06	-2.627528e-06	-2.908903e-06	-3.525614e-06	-4.873708e-06	-7.290372e-06	-1.101280e-05	-1.648674e-05	-2.497221e-05	-3.782873e-05	-5.676152e-05	-8.303739e-05	-1.166451e-04	-1.548048e-04	-1.897467e-04	-2.111219e-04	-2.137812e-04	-2.031029e-04	-1.896718e-04	-1.801265e-04	-1.766413e-04	-1.791442e-04	-1.871510e-04	-2.004457e-04	-2.190669e-04	-2.432385e-04	-2.737737e-04	-3.115694e-04	-3.579845e-04	-4.144103e-04	-4.836142e-04	-5.678977e-04	-6.723072e-04	-8.014980e-04	-9.629876e-04	-1.168276e-03	-1.432101e-03	-1.776570e-03	-2.230533e-03	-2.713664e-03
