Omm=0.3111	 Omb=0.0490	 h=0.677	 ns=0.9665	 Acamb=2.105e-09
z=0.0000	 D1=0.786	 D10=0.786	 f=0.5234	 r=0.00 Mpc/h
Mixed variance for the dipole-octupole, with coefficient set to 1
0.000000e+00	 4.000000e+00	8.000000e+00	1.200000e+01	1.600000e+01	2.000000e+01	2.400000e+01	2.800000e+01	3.200000e+01	3.600000e+01	4.000000e+01	4.400000e+01	4.800000e+01	5.200000e+01	5.600000e+01	6.000000e+01	6.400000e+01	6.800000e+01	7.200000e+01	7.600000e+01	8.000000e+01	8.400000e+01	8.800000e+01	9.200000e+01	9.600000e+01	1.000000e+02	1.040000e+02	1.080000e+02	1.120000e+02	1.160000e+02	1.200000e+02	1.240000e+02	1.280000e+02	1.320000e+02	1.360000e+02	1.400000e+02	1.440000e+02	1.480000e+02	1.520000e+02	1.560000e+02	1.600000e+02	1.640000e+02	1.680000e+02	1.720000e+02
4.000000e+00	 7.688920e-02	3.028062e-01	1.627322e-01	9.382268e-02	5.847804e-02	3.876369e-02	2.691555e-02	1.932160e-02	1.439021e-02	1.086595e-02	8.438616e-03	6.618714e-03	5.293686e-03	4.272861e-03	3.492549e-03	2.878456e-03	2.388234e-03	2.000332e-03	1.688418e-03	1.455372e-03	1.318381e-03	1.271494e-03	1.226816e-03	1.001996e-03	6.278324e-04	3.138768e-04	1.808114e-04	1.856402e-04	2.330443e-04	2.773141e-04	3.011632e-04	3.048725e-04	2.967499e-04	2.787440e-04	2.586254e-04	2.372159e-04	2.154938e-04	1.959621e-04	1.760389e-04	1.595652e-04	1.443928e-04	1.300477e-04	1.182399e-04
8.000000e+00	 -4.979228e-05	2.793636e-02	1.995295e-01	1.497441e-01	1.026231e-01	7.125245e-02	5.076144e-02	3.710693e-02	2.776431e-02	2.124144e-02	1.650311e-02	1.304661e-02	1.043457e-02	8.453820e-03	6.916486e-03	5.708388e-03	4.748570e-03	3.978455e-03	3.372687e-03	2.930508e-03	2.664088e-03	2.523645e-03	2.321845e-03	1.886476e-03	1.267968e-03	7.228110e-04	4.397307e-04	3.959764e-04	4.639959e-04	5.413850e-04	5.884765e-04	6.004981e-04	5.851053e-04	5.537946e-04	5.141903e-04	4.721413e-04	4.305239e-04	3.900552e-04	3.527428e-04	3.186682e-04	2.881790e-04	2.606503e-04	2.365282e-04
1.200000e+01	 -2.352407e-04	-1.846360e-03	1.028367e-02	1.281951e-01	1.173890e-01	9.074215e-02	6.825596e-02	5.150793e-02	3.932063e-02	3.044286e-02	2.391736e-02	1.901054e-02	1.529975e-02	1.243583e-02	1.020638e-02	8.444359e-03	7.041844e-03	5.920589e-03	5.055746e-03	4.434982e-03	4.023953e-03	3.684206e-03	3.242072e-03	2.624711e-03	1.905450e-03	1.251194e-03	8.259819e-04	6.726483e-04	7.011066e-04	7.866126e-04	8.521417e-04	8.750073e-04	8.596915e-04	8.187813e-04	7.639733e-04	7.034651e-04	6.422709e-04	5.833018e-04	5.282201e-04	4.776292e-04	4.318392e-04	3.913635e-04	3.557662e-04
1.600000e+01	 -1.566705e-04	-1.066097e-03	-3.581644e-03	2.039563e-03	8.548977e-02	8.967696e-02	7.571874e-02	6.059780e-02	4.791461e-02	3.792866e-02	3.022613e-02	2.430757e-02	1.970636e-02	1.612013e-02	1.328642e-02	1.103788e-02	9.239214e-03	7.820993e-03	6.738140e-03	5.944345e-03	5.317143e-03	4.702963e-03	4.017978e-03	3.269532e-03	2.521122e-03	1.849296e-03	1.337432e-03	1.050877e-03	9.756953e-04	1.020954e-03	1.087455e-03	1.121202e-03	1.112090e-03	1.067938e-03	1.003558e-03	9.282417e-04	8.500763e-04	7.741521e-04	7.021777e-04	6.358077e-04	5.757166e-04	5.222376e-04	4.750617e-04
2.000000e+01	 6.840961e-05	-6.209622e-04	-1.936541e-03	-4.692816e-03	-2.269499e-03	5.907001e-02	6.871950e-02	6.211046e-02	5.225918e-02	4.293815e-02	3.503942e-02	2.862727e-02	2.349679e-02	1.938042e-02	1.608855e-02	1.343775e-02	1.132486e-02	9.666595e-03	8.393746e-03	7.376717e-03	6.470134e-03	5.585307e-03	4.710867e-03	3.878504e-03	3.119439e-03	2.457690e-03	1.917688e-03	1.530036e-03	1.323432e-03	1.272996e-03	1.302727e-03	1.336404e-03	1.335608e-03	1.296350e-03	1.228005e-03	1.143223e-03	1.052152e-03	9.609287e-04	8.739241e-04	7.929788e-04	7.193905e-04	6.532548e-04	5.933785e-04
2.400000e+01	 -8.406166e-05	-2.595261e-04	-1.073412e-03	-2.632971e-03	-5.383707e-03	-4.622989e-03	4.196330e-02	5.322692e-02	5.083419e-02	4.457287e-02	3.781803e-02	3.167700e-02	2.643874e-02	2.209176e-02	1.851158e-02	1.560572e-02	1.326968e-02	1.142645e-02	9.935342e-03	8.648487e-03	7.468168e-03	6.371747e-03	5.370774e-03	4.481347e-03	3.710425e-03	3.053276e-03	2.504548e-03	2.065476e-03	1.751081e-03	1.578343e-03	1.524533e-03	1.527705e-03	1.528024e-03	1.496382e-03	1.431974e-03	1.344471e-03	1.244976e-03	1.142421e-03	1.042352e-03	9.485609e-04	8.621906e-04	7.831695e-04	7.112150e-04
2.800000e+01	 -7.948517e-05	-1.583633e-04	-5.769795e-04	-1.500893e-03	-3.124259e-03	-5.765115e-03	-5.914539e-03	3.046506e-02	4.172613e-02	4.176042e-02	3.790306e-02	3.305207e-02	2.831522e-02	2.408581e-02	2.048076e-02	1.747188e-02	1.502676e-02	1.300563e-02	1.127401e-02	9.731557e-03	8.341133e-03	7.101514e-03	6.018207e-03	5.087155e-03	4.296709e-03	3.629904e-03	3.070073e-03	2.602657e-03	2.225536e-03	1.949435e-03	1.787029e-03	1.719537e-03	1.695464e-03	1.666620e-03	1.610097e-03	1.526682e-03	1.425163e-03	1.315801e-03	1.206326e-03	1.101226e-03	1.002768e-03	9.116417e-04	8.282292e-04
3.200000e+01	 2.980977e-05	-1.127803e-04	-3.410931e-04	-8.695179e-04	-1.841673e-03	-3.444946e-03	-5.936760e-03	-6.600263e-03	2.247374e-02	3.308459e-02	3.448377e-02	3.225360e-02	2.881049e-02	2.519775e-02	2.186567e-02	1.896823e-02	1.647364e-02	1.430217e-02	1.236513e-02	1.064002e-02	9.115985e-03	7.791684e-03	6.655303e-03	5.690219e-03	4.874746e-03	4.187264e-03	3.607109e-03	3.115962e-03	2.701458e-03	2.361333e-03	2.104925e-03	1.942844e-03	1.859449e-03	1.812262e-03	1.760174e-03	1.685069e-03	1.588319e-03	1.478116e-03	1.362984e-03	1.249142e-03	1.140102e-03	1.038220e-03	9.445410e-04
3.600000e+01	 -2.478074e-05	-6.646428e-05	-2.238681e-04	-5.300433e-04	-1.113176e-03	-2.093915e-03	-3.639901e-03	-5.968430e-03	-6.924372e-03	1.676059e-02	2.650005e-02	2.865711e-02	2.754600e-02	2.519705e-02	2.253014e-02	1.992485e-02	1.748947e-02	1.524228e-02	1.320732e-02	1.139180e-02	9.807767e-03	8.440350e-03	7.272290e-03	6.278755e-03	5.436597e-03	4.722764e-03	4.116058e-03	3.598708e-03	3.155291e-03	2.775867e-03	2.459062e-03	2.213577e-03	2.049365e-03	1.952275e-03	1.886646e-03	1.817583e-03	1.729936e-03	1.624837e-03	1.509033e-03	1.389908e-03	1.273145e-03	1.162322e-03	1.059369e-03
4.000000e+01	 9.470398e-06	-3.109778e-05	-1.436053e-04	-3.462105e-04	-7.005235e-04	-1.308084e-03	-2.271410e-03	-3.743983e-03	-5.913334e-03	-7.028875e-03	1.258847e-02	2.144438e-02	2.404542e-02	2.376387e-02	2.222015e-02	2.016141e-02	1.795662e-02	1.580104e-02	1.379259e-02	1.199303e-02	1.040678e-02	9.033071e-03	7.850706e-03	6.838497e-03	5.971688e-03	5.230722e-03	4.596341e-03	4.050437e-03	3.580041e-03	3.171087e-03	2.817160e-03	2.517710e-03	2.279778e-03	2.113364e-03	2.006621e-03	1.928185e-03	1.847645e-03	1.751238e-03	1.640203e-03	1.520931e-03	1.400030e-03	1.282795e-03	1.171516e-03
4.400000e+01	 -8.076062e-06	-3.260081e-05	-8.406363e-05	-2.284746e-04	-4.654601e-04	-8.454871e-04	-1.458293e-03	-2.392165e-03	-3.783302e-03	-5.795707e-03	-6.965816e-03	9.565084e-03	1.763659e-02	2.044612e-02	2.061063e-02	1.948861e-02	1.779429e-02	1.593669e-02	1.411127e-02	1.241559e-02	1.089306e-02	9.546298e-03	8.372295e-03	7.352053e-03	6.469800e-03	5.705293e-03	5.044743e-03	4.472335e-03	3.974553e-03	3.539725e-03	3.159391e-03	2.826146e-03	2.540834e-03	2.310603e-03	2.144246e-03	2.031626e-03	1.943976e-03	1.854920e-03	1.752545e-03	1.638438e-03	1.518142e-03	1.397754e-03	1.280653e-03
4.800000e+01	 -5.079043e-06	-1.245617e-05	-6.554688e-05	-1.479544e-04	-3.139165e-04	-5.730124e-04	-9.662473e-04	-1.570184e-03	-2.460307e-03	-3.746039e-03	-5.562139e-03	-6.688422e-03	7.410158e-03	1.463609e-02	1.734608e-02	1.770786e-02	1.691118e-02	1.559499e-02	1.410905e-02	1.262554e-02	1.122581e-02	9.954439e-03	8.813584e-03	7.804057e-03	6.916766e-03	6.139102e-03	5.458085e-03	4.862301e-03	4.340019e-03	3.881750e-03	3.478428e-03	3.121878e-03	2.807293e-03	2.535834e-03	2.314062e-03	2.149245e-03	2.032382e-03	1.938508e-03	1.844146e-03	1.738957e-03	1.623859e-03	1.503773e-03	1.384305e-03
5.200000e+01	 -2.358804e-06	-1.479975e-05	-4.076800e-05	-1.082064e-04	-2.136068e-04	-3.957831e-04	-6.654213e-04	-1.055394e-03	-1.620019e-03	-2.415928e-03	-3.551754e-03	-5.203314e-03	-6.388315e-03	5.604842e-03	1.199145e-02	1.457511e-02	1.513830e-02	1.467319e-02	1.371380e-02	1.255979e-02	1.137013e-02	1.021845e-02	9.149837e-03	8.175171e-03	7.300740e-03	6.521038e-03	5.829496e-03	5.216527e-03	4.675526e-03	4.197396e-03	3.773625e-03	3.397619e-03	3.063359e-03	2.767048e-03	2.508865e-03	2.295056e-03	2.132719e-03	2.014217e-03	1.917146e-03	1.820020e-03	1.713580e-03	1.598848e-03	1.480468e-03
5.600000e+01	 2.928986e-06	-1.005259e-05	-3.214304e-05	-7.516337e-05	-1.564698e-04	-2.756354e-04	-4.614406e-04	-7.121443e-04	-1.047188e-03	-1.524822e-03	-2.250281e-03	-3.373220e-03	-5.035172e-03	-6.327520e-03	3.992885e-03	9.736431e-03	1.225783e-02	1.300960e-02	1.281961e-02	1.214962e-02	1.126264e-02	1.030542e-02	9.352068e-03	8.445971e-03	7.606407e-03	6.841698e-03	6.150723e-03	5.531478e-03	4.978157e-03	4.487199e-03	4.044357e-03	3.652664e-03	3.302749e-03	2.989333e-03	2.709286e-03	2.463673e-03	2.258429e-03	2.100339e-03	1.982058e-03	1.883390e-03	1.785191e-03	1.679176e-03	1.566497e-03
6.000000e+01	 -2.241652e-06	-4.635834e-06	-2.465740e-05	-5.729900e-05	-1.107525e-04	-1.961682e-04	-3.019608e-04	-4.433851e-04	-6.314869e-04	-9.370862e-04	-1.459439e-03	-2.271961e-03	-3.445693e-03	-5.063776e-03	-6.333417e-03	2.705598e-03	7.941158e-03	1.039752e-02	1.128123e-02	1.129543e-02	1.084287e-02	1.016260e-02	9.387280e-03	8.589784e-03	7.817139e-03	7.087529e-03	6.414782e-03	5.800491e-03	5.243512e-03	4.741695e-03	4.290597e-03	3.886105e-03	3.522739e-03	3.196077e-03	2.901956e-03	2.637816e-03	2.405138e-03	2.209093e-03	2.055782e-03	1.938903e-03	1.840451e-03	1.743044e-03	1.639125e-03
6.400000e+01	 4.441569e-08	-7.053623e-06	-1.664875e-05	-4.132445e-05	-7.684117e-05	-1.164226e-04	-1.617840e-04	-2.163439e-04	-3.454129e-04	-6.029982e-04	-1.026671e-03	-1.640443e-03	-2.469289e-03	-3.577214e-03	-5.060779e-03	-6.244364e-03	1.756370e-03	6.545360e-03	8.910626e-03	9.868317e-03	1.002584e-02	9.735904e-03	9.212017e-03	8.580195e-03	7.910331e-03	7.246953e-03	6.610508e-03	6.015119e-03	5.466171e-03	4.964452e-03	4.508626e-03	4.095872e-03	3.722800e-03	3.386097e-03	3.081417e-03	2.805855e-03	2.557281e-03	2.336784e-03	2.149713e-03	2.002138e-03	1.888397e-03	1.791716e-03	1.696259e-03
6.800000e+01	 -1.106417e-06	-2.526907e-06	-1.191255e-05	-2.310397e-05	-3.165851e-05	-2.957164e-05	-2.449465e-05	-6.943636e-05	-2.065162e-04	-4.626728e-04	-8.220675e-04	-1.280314e-03	-1.862027e-03	-2.611349e-03	-3.606601e-03	-4.949772e-03	-6.050205e-03	1.071890e-03	5.452898e-03	7.706034e-03	8.696233e-03	8.950250e-03	8.779983e-03	8.380024e-03	7.864014e-03	7.297641e-03	6.724786e-03	6.167176e-03	5.640083e-03	5.148739e-03	4.695608e-03	4.280113e-03	3.901901e-03	3.557911e-03	3.245695e-03	2.961938e-03	2.703689e-03	2.469882e-03	2.261537e-03	2.084303e-03	1.943135e-03	1.833107e-03	1.739062e-03
7.200000e+01	 -8.759115e-07	-1.645185e-06	-1.631032e-06	6.172249e-06	3.010267e-05	6.018300e-05	5.226881e-05	-3.308292e-05	-2.068288e-04	-4.429499e-04	-7.313730e-04	-1.065248e-03	-1.463504e-03	-1.967509e-03	-2.629843e-03	-3.527759e-03	-4.757210e-03	-5.793979e-03	5.728620e-04	4.580898e-03	6.711226e-03	7.706158e-03	8.025517e-03	7.946802e-03	7.643446e-03	7.220624e-03	6.740802e-03	6.245685e-03	5.756077e-03	5.287487e-03	4.846142e-03	4.436300e-03	4.057498e-03	3.710768e-03	3.393588e-03	3.103945e-03	2.839419e-03	2.597894e-03	2.378675e-03	2.182776e-03	2.015040e-03	1.880666e-03	1.775003e-03
7.600000e+01	 1.406439e-06	3.430673e-06	1.767682e-05	4.922052e-05	8.783895e-05	9.166215e-05	2.625148e-05	-1.067996e-04	-2.804572e-04	-4.761807e-04	-6.822783e-04	-9.134798e-04	-1.182343e-03	-1.516873e-03	-1.958948e-03	-2.557945e-03	-3.384537e-03	-4.526430e-03	-5.512242e-03	2.016086e-04	3.871366e-03	5.875735e-03	6.858146e-03	7.221505e-03	7.212009e-03	6.985840e-03	6.640624e-03	6.233340e-03	5.804033e-03	5.373022e-03	4.955624e-03	4.558720e-03	4.187331e-03	3.842280e-03	3.523972e-03	3.231209e-03	2.962787e-03	2.716903e-03	2.491728e-03	2.286213e-03	2.102046e-03	1.943834e-03	1.816309e-03
8.000000e+01	 1.990541e-06	1.383613e-05	4.211550e-05	7.727448e-05	7.915639e-05	2.022543e-05	-9.169876e-05	-2.288012e-04	-3.685637e-04	-5.026217e-04	-6.390247e-04	-7.847264e-04	-9.618531e-04	-1.185354e-03	-1.480442e-03	-1.884361e-03	-2.441608e-03	-3.214725e-03	-4.285590e-03	-5.230874e-03	-8.289580e-05	3.282489e-03	5.165441e-03	6.124376e-03	6.515697e-03	6.559312e-03	6.396543e-03	6.115442e-03	5.769370e-03	5.396524e-03	5.016143e-03	4.643528e-03	4.286632e-03	3.949828e-03	3.634649e-03	3.342537e-03	3.072919e-03	2.824495e-03	2.596064e-03	2.386055e-03	2.193930e-03	2.021090e-03	1.871907e-03
8.400000e+01	 2.184505e-06	1.883760e-05	4.051192e-05	3.162822e-05	-2.750375e-05	-1.253836e-04	-2.347205e-04	-3.353648e-04	-4.222278e-04	-4.998600e-04	-5.761243e-04	-6.653134e-04	-7.752359e-04	-9.251684e-04	-1.126732e-03	-1.402113e-03	-1.782855e-03	-2.309940e-03	-3.041992e-03	-4.053975e-03	-4.962712e-03	-3.055202e-04	2.787681e-03	4.554126e-03	5.484441e-03	5.893451e-03	5.977536e-03	5.865576e-03	5.637848e-03	5.343578e-03	5.019104e-03	4.683456e-03	4.350997e-03	4.029288e-03	3.723786e-03	3.436344e-03	3.168504e-03	2.920059e-03	2.690172e-03	2.478070e-03	2.282439e-03	2.102711e-03	1.940456e-03
8.800000e+01	 1.716341e-06	1.890202e-07	-2.644088e-05	-8.948189e-05	-1.763570e-04	-2.626219e-04	-3.324435e-04	-3.840310e-04	-4.225813e-04	-4.561265e-04	-4.937340e-04	-5.423883e-04	-6.133201e-04	-7.118064e-04	-8.532135e-04	-1.046302e-03	-1.311187e-03	-1.677439e-03	-2.181628e-03	-2.878362e-03	-3.837169e-03	-4.712033e-03	-4.826877e-04	2.367063e-03	4.025148e-03	4.922664e-03	5.340924e-03	5.456340e-03	5.385424e-03	5.202510e-03	4.953185e-03	4.670924e-03	4.372864e-03	4.076859e-03	3.787131e-03	3.509990e-03	3.247787e-03	3.001847e-03	2.773225e-03	2.560705e-03	2.363776e-03	2.181311e-03	2.013248e-03
9.200000e+01	 -7.057761e-06	-4.347204e-05	-1.124846e-04	-1.952743e-04	-2.672129e-04	-3.171298e-04	-3.462404e-04	-3.606370e-04	-3.682515e-04	-3.766724e-04	-3.918306e-04	-4.198601e-04	-4.648562e-04	-5.348898e-04	-6.337236e-04	-7.743897e-04	-9.656488e-04	-1.224536e-03	-1.579006e-03	-2.063090e-03	-2.727706e-03	-3.638748e-03	-4.479796e-03	-6.245580e-04	2.007194e-03	3.563052e-03	4.426631e-03	4.848162e-03	4.987356e-03	4.950518e-03	4.805180e-03	4.594038e-03	4.348621e-03	4.086389e-03	3.820981e-03	3.559942e-03	3.308373e-03	3.069093e-03	2.843914e-03	2.632941e-03	2.436242e-03	2.253281e-03	2.083273e-03
9.600000e+01	 -7.312754e-06	-4.920840e-05	-1.195281e-04	-1.876840e-04	-2.364322e-04	-2.630219e-04	-2.726257e-04	-2.728535e-04	-2.704745e-04	-2.708318e-04	-2.787473e-04	-2.975886e-04	-3.311569e-04	-3.824309e-04	-4.580160e-04	-5.612813e-04	-7.040488e-04	-8.943141e-04	-1.148262e-03	-1.491721e-03	-1.956688e-03	-2.591181e-03	-3.456990e-03	-4.266191e-03	-7.396289e-04	1.696263e-03	3.157726e-03	3.986431e-03	4.407327e-03	4.564872e-03	4.555432e-03	4.442444e-03	4.264725e-03	4.051569e-03	3.819776e-03	3.582433e-03	3.347159e-03	3.118939e-03	2.900452e-03	2.693615e-03	2.499077e-03	2.316862e-03	2.146758e-03
1.000000e+02	 -3.587239e-07	-7.716054e-06	-2.976565e-05	-6.480209e-05	-9.832355e-05	-1.222342e-04	-1.354751e-04	-1.418028e-04	-1.456640e-04	-1.513044e-04	-1.618731e-04	-1.805729e-04	-2.098597e-04	-2.528277e-04	-3.123441e-04	-3.943561e-04	-5.018869e-04	-6.461392e-04	-8.347625e-04	-1.083130e-03	-1.415172e-03	-1.861402e-03	-2.467455e-03	-3.292121e-03	-4.069991e-03	-8.336065e-04	1.426556e-03	2.800863e-03	3.594777e-03	4.011723e-03	4.183092e-03	4.196329e-03	4.111119e-03	3.962227e-03	3.777217e-03	3.572690e-03	3.360723e-03	3.148357e-03	2.940924e-03	2.741142e-03	2.551177e-03	2.371722e-03	2.202942e-03
1.040000e+02	 4.050116e-06	2.699754e-05	5.982201e-05	7.757242e-05	7.021641e-05	4.939188e-05	2.574302e-05	5.029675e-06	-1.304974e-05	-3.038357e-05	-4.939219e-05	-7.265760e-05	-1.026621e-04	-1.419536e-04	-1.934152e-04	-2.595024e-04	-3.461210e-04	-4.564230e-04	-6.006028e-04	-7.861758e-04	-1.027726e-03	-1.348378e-03	-1.777036e-03	-2.356535e-03	-3.142144e-03	-3.889899e-03	-9.100115e-04	1.191566e-03	2.484754e-03	3.245111e-03	3.655969e-03	3.838115e-03	3.871062e-03	3.808310e-03	3.684382e-03	3.524472e-03	3.343731e-03	3.154058e-03	2.962327e-03	2.773730e-03	2.591347e-03	2.416350e-03	2.250780e-03
1.080000e+02	 3.851178e-06	2.773996e-05	7.783751e-05	1.378694e-04	1.776789e-04	1.832471e-04	1.657232e-04	1.379000e-04	1.084486e-04	7.988579e-05	5.160246e-05	2.217261e-05	-1.068419e-05	-4.918295e-05	-9.543144e-05	-1.525311e-04	-2.228492e-04	-3.118685e-04	-4.226148e-04	-5.650107e-04	-7.467126e-04	-9.815045e-04	-1.290961e-03	-1.702501e-03	-2.256223e-03	-3.004954e-03	-3.723937e-03	-9.724348e-04	9.860577e-04	2.204380e-03	2.933048e-03	3.337059e-03	3.525938e-03	3.574551e-03	3.531864e-03	3.429394e-03	3.291260e-03	3.131410e-03	2.961660e-03	2.788543e-03	2.616864e-03	2.449700e-03	2.289224e-03
1.120000e+02	 1.292672e-06	1.234942e-05	4.639663e-05	1.065721e-04	1.767771e-04	2.274448e-04	2.418717e-04	2.285948e-04	2.008336e-04	1.680932e-04	1.344786e-04	1.002433e-04	6.477440e-05	2.647104e-05	-1.683843e-05	-6.711079e-05	-1.270387e-04	-1.989415e-04	-2.882147e-04	-3.981743e-04	-5.383466e-04	-7.156386e-04	-9.430477e-04	-1.241064e-03	-1.635631e-03	-2.165236e-03	-2.879645e-03	-3.570415e-03	-1.023311e-03	8.066770e-04	1.957036e-03	2.653658e-03	3.049148e-03	3.243348e-03	3.304591e-03	3.278676e-03	3.194799e-03	3.075671e-03	2.934665e-03	2.782617e-03	2.626128e-03	2.469963e-03	2.317004e-03
1.160000e+02	 2.315525e-07	2.574756e-06	1.282693e-05	4.433796e-05	1.031193e-04	1.750245e-04	2.316078e-04	2.542213e-04	2.477077e-04	2.240571e-04	1.926279e-04	1.583586e-04	1.225784e-04	8.497629e-05	4.440396e-05	-6.295238e-07	-5.205373e-05	-1.124900e-04	-1.845709e-04	-2.733862e-04	-3.818884e-04	-5.187973e-04	-6.907656e-04	-9.104949e-04	-1.197400e-03	-1.575877e-03	-2.082390e-03	-2.764565e-03	-3.427491e-03	-1.062078e-03	6.498683e-04	1.736738e-03	2.403483e-03	2.789634e-03	2.986801e-03	3.058333e-03	3.046515e-03	2.978929e-03	2.876505e-03	2.752088e-03	2.616022e-03	2.474662e-03	2.332320e-03
1.200000e+02	 -1.858848e-07	-2.145728e-06	-4.012814e-06	7.279235e-07	2.524627e-05	7.807615e-05	1.481012e-04	2.078871e-04	2.374931e-04	2.383192e-04	2.205216e-04	1.931858e-04	1.612360e-04	1.265919e-04	8.958853e-05	4.954224e-05	4.875784e-06	-4.635649e-05	-1.066438e-04	-1.781184e-04	-2.653430e-04	-3.712074e-04	-5.042148e-04	-6.708374e-04	-8.828862e-04	-1.158658e-03	-1.522031e-03	-2.005557e-03	-2.656274e-03	-3.293991e-03	-1.092374e-03	5.127944e-04	1.540729e-03	2.178824e-03	2.554861e-03	2.753534e-03	2.833409e-03	2.833595e-03	2.780027e-03	2.692370e-03	2.582857e-03	2.460975e-03	2.333060e-03
1.240000e+02	 -4.474101e-07	-3.233250e-06	-9.031634e-06	-1.669376e-05	-1.871155e-05	-1.549673e-06	4.423305e-05	1.102769e-04	1.708399e-04	2.054061e-04	2.130064e-04	2.014982e-04	1.791885e-04	1.511069e-04	1.194910e-04	8.477566e-05	4.617234e-05	2.357959e-06	-4.803755e-05	-1.070709e-04	-1.767848e-04	-2.617294e-04	-3.647780e-04	-4.937079e-04	-6.546383e-04	-8.593923e-04	-1.123333e-03	-1.470793e-03	-1.934053e-03	-2.555716e-03	-3.168456e-03	-1.114886e-03	3.926469e-04	1.365915e-03	1.976680e-03	2.342301e-03	2.541411e-03	2.627625e-03	2.638188e-03	2.596844e-03	2.522172e-03	2.425640e-03	2.316917e-03
1.280000e+02	 -3.491435e-07	-2.333712e-06	-8.831191e-06	-1.906092e-05	-3.149716e-05	-3.937577e-05	-2.908029e-05	9.407491e-06	7.011431e-05	1.297630e-04	1.675016e-04	1.804741e-04	1.748257e-04	1.579308e-04	1.343540e-04	1.059654e-04	7.341804e-05	3.653748e-05	-5.555218e-06	-5.411143e-05	-1.112941e-04	-1.790920e-04	-2.615744e-04	-3.612989e-04	-4.856070e-04	-6.404354e-04	-8.365865e-04	-1.090600e-03	-1.423523e-03	-1.866819e-03	-2.461314e-03	-3.050408e-03	-1.131006e-03	2.872313e-04	1.209680e-03	1.794226e-03	2.149495e-03	2.347645e-03	2.439417e-03	2.458379e-03	2.427791e-03	2.364910e-03	2.280061e-03
1.320000e+02	 -3.251571e-07	-2.325057e-06	-6.488823e-06	-1.549231e-05	-2.919309e-05	-4.549089e-05	-5.821693e-05	-5.414149e-05	-2.237694e-05	3.260176e-05	8.990618e-05	1.293442e-04	1.466092e-04	1.460877e-04	1.336517e-04	1.135698e-04	8.804983e-05	5.812465e-05	2.366124e-05	-1.634974e-05	-6.307695e-05	-1.183273e-04	-1.837270e-04	-2.630999e-04	-3.590485e-04	-4.786739e-04	-6.275921e-04	-8.160395e-04	-1.059813e-03	-1.379028e-03	-1.803687e-03	-2.372663e-03	-2.939426e-03	-1.141717e-03	1.945806e-04	1.069914e-03	1.629679e-03	1.974497e-03	2.171090e-03	2.266828e-03	2.293352e-03	2.272002e-03	2.219019e-03
1.360000e+02	 -5.140079e-08	-1.035651e-06	-4.540455e-06	-1.098812e-05	-2.206431e-05	-3.837938e-05	-5.767893e-05	-7.395115e-05	-7.494117e-05	-4.943731e-05	-7.333547e-08	5.441035e-05	9.443475e-05	1.142093e-04	1.168655e-04	1.077860e-04	9.102622e-05	6.861219e-05	4.127371e-05	8.933224e-06	-2.909714e-05	-7.364678e-05	-1.263605e-04	-1.889641e-04	-2.651798e-04	-3.574384e-04	-4.723922e-04	-6.154994e-04	-7.966332e-04	-1.030752e-03	-1.337076e-03	-1.744113e-03	-2.289102e-03	-2.834654e-03	-1.147719e-03	1.133259e-04	9.448176e-04	1.481076e-03	1.815251e-03	2.009799e-03	2.108678e-03	2.141501e-03	2.127900e-03
1.400000e+02	 -9.207230e-08	-8.132719e-07	-2.841131e-06	-7.347044e-06	-1.540408e-05	-2.808335e-05	-4.584157e-05	-6.717633e-05	-8.620147e-05	-9.116792e-05	-7.083677e-05	-2.672339e-05	2.394607e-05	6.268044e-05	8.348161e-05	8.864506e-05	8.262789e-05	6.871573e-05	4.873369e-05	2.361267e-05	-6.465772e-06	-4.206856e-05	-8.414815e-05	-1.343636e-04	-1.942676e-04	-2.673035e-04	-3.558817e-04	-4.664243e-04	-6.041064e-04	-7.782755e-04	-1.003231e-03	-1.297375e-03	-1.687951e-03	-2.210415e-03	-2.735432e-03	-1.149744e-03	4.207743e-05	8.326343e-04	1.346649e-03	1.670544e-03	1.862400e-03	1.963304e-03	2.001029e-03
1.440000e+02	 -6.697893e-08	-6.793148e-07	-1.907532e-06	-4.915203e-06	-1.034972e-05	-1.912346e-05	-3.275869e-05	-5.152243e-05	-7.393565e-05	-9.457680e-05	-1.025626e-04	-8.726994e-05	-4.900392e-05	-2.721360e-06	3.438351e-05	5.583612e-05	6.273272e-05	5.874881e-05	4.700030e-05	2.934525e-05	6.678053e-06	-2.100723e-05	-5.434884e-05	-9.413974e-05	-1.418772e-04	-1.991146e-04	-2.691880e-04	-3.543898e-04	-4.607250e-04	-5.932116e-04	-7.607767e-04	-9.771294e-04	-1.259617e-03	-1.634519e-03	-2.135559e-03	-2.641432e-03	-1.148374e-03	-2.032606e-05	7.321509e-04	1.224841e-03	1.538458e-03	1.727088e-03	1.829428e-03
1.480000e+02	 7.160583e-09	-1.978278e-07	-1.488248e-06	-3.348607e-06	-6.677750e-06	-1.271469e-05	-2.204068e-05	-3.595661e-05	-5.487139e-05	-7.770517e-05	-9.997626e-05	-1.112556e-04	-1.006793e-04	-6.747444e-05	-2.510992e-05	1.001818e-05	3.113921e-05	3.893881e-05	3.669363e-05	2.714229e-05	1.174907e-05	-8.802074e-06	-3.439704e-05	-6.558605e-05	-1.031848e-04	-1.487037e-04	-2.035497e-04	-2.708410e-04	-3.527920e-04	-4.551719e-04	-5.827025e-04	-7.439254e-04	-9.519495e-04	-1.223461e-03	-1.583614e-03	-2.064757e-03	-2.552138e-03	-1.143786e-03	-7.507916e-05	6.415431e-04	1.114048e-03	1.417610e-03	1.603055e-03
1.520000e+02	 -1.903304e-07	-5.022838e-07	-7.945685e-07	-2.062305e-06	-4.439973e-06	-8.149521e-06	-1.426753e-05	-2.347920e-05	-3.728728e-05	-5.667440e-05	-8.052037e-05	-1.042269e-04	-1.177917e-04	-1.107951e-04	-8.215833e-05	-4.391967e-05	-1.123263e-05	9.401564e-06	1.811536e-05	1.742663e-05	9.602279e-06	-3.975580e-06	-2.260839e-05	-4.630982e-05	-7.567122e-05	-1.114169e-04	-1.548865e-04	-2.074795e-04	-2.721867e-04	-3.510840e-04	-4.495716e-04	-5.723450e-04	-7.275041e-04	-9.276024e-04	-1.188791e-03	-1.534815e-03	-1.997147e-03	-2.467267e-03	-1.137151e-03	-1.233081e-04	5.601102e-04	1.013580e-03	1.307437e-03
1.560000e+02	 1.500671e-07	9.127427e-08	-4.324345e-07	-1.253374e-06	-2.703383e-06	-5.058737e-06	-8.595986e-06	-1.458972e-05	-2.422695e-05	-3.869984e-05	-5.852198e-05	-8.256361e-05	-1.067613e-04	-1.221096e-04	-1.185413e-04	-9.419548e-05	-5.959991e-05	-2.890224e-05	-8.771892e-06	3.897369e-07	7.494860e-07	-5.647571e-06	-1.767101e-05	-3.479594e-05	-5.699274e-05	-8.474487e-05	-1.187791e-04	-1.604141e-04	-2.109233e-04	-2.730954e-04	-3.489623e-04	-4.437509e-04	-5.619528e-04	-7.114408e-04	-9.040705e-04	-1.155318e-03	-1.488292e-03	-1.932965e-03	-2.386597e-03	-1.128577e-03	-1.653693e-04	4.868730e-04	9.221952e-04
1.600000e+02	 -5.203358e-08	-7.288920e-08	-2.382595e-07	-7.039961e-07	-1.387723e-06	-2.567442e-06	-4.820032e-06	-8.874390e-06	-1.559097e-05	-2.562907e-05	-4.001131e-05	-5.949134e-05	-8.349973e-05	-1.083234e-04	-1.252200e-04	-1.242762e-04	-1.032461e-04	-7.177312e-05	-4.317573e-05	-2.388227e-05	-1.451970e-05	-1.338776e-05	-1.880623e-05	-2.972323e-05	-4.560376e-05	-6.648034e-05	-9.285026e-05	-1.253588e-04	-1.652030e-04	-2.136257e-04	-2.733435e-04	-3.463930e-04	-4.377229e-04	-5.515983e-04	-6.956057e-04	-8.812757e-04	-1.123448e-03	-1.444031e-03	-1.871934e-03	-2.309642e-03	-1.118112e-03	-2.021524e-04	4.208187e-04
1.640000e+02	 -1.776268e-08	-2.089237e-07	-2.142168e-07	-1.605432e-07	-3.188247e-07	-9.312773e-07	-2.667455e-06	-5.681170e-06	-1.015223e-05	-1.678744e-05	-2.651612e-05	-4.070129e-05	-6.016167e-05	-8.415147e-05	-1.090188e-04	-1.265892e-04	-1.275842e-04	-1.095815e-04	-8.112398e-05	-5.454476e-05	-3.618407e-05	-2.699893e-05	-2.553203e-05	-3.024697e-05	-4.026645e-05	-5.515434e-05	-7.490604e-05	-9.995594e-05	-1.309324e-04	-1.690482e-04	-2.155627e-04	-2.730589e-04	-3.433838e-04	-4.314088e-04	-5.413165e-04	-6.803164e-04	-8.594285e-04	-1.092748e-03	-1.401491e-03	-1.813465e-03	-2.236524e-03	-1.106300e-03	-2.342573e-04
1.680000e+02	 5.620531e-08	1.613750e-07	1.229442e-07	2.611236e-07	2.834675e-07	-4.948835e-07	-1.853747e-06	-3.913232e-06	-6.797338e-06	-1.098089e-05	-1.754851e-05	-2.737133e-05	-4.148410e-05	-6.047317e-05	-8.375907e-05	-1.082412e-04	-1.263608e-04	-1.291007e-04	-1.137267e-04	-8.800499e-05	-6.353731e-05	-4.637157e-05	-3.755376e-05	-3.592867e-05	-4.018891e-05	-4.951517e-05	-6.348432e-05	-8.211871e-05	-1.059088e-04	-1.355358e-04	-1.721353e-04	-2.168419e-04	-2.721820e-04	-3.400835e-04	-4.251417e-04	-5.313068e-04	-6.653846e-04	-8.380343e-04	-1.063025e-03	-1.360708e-03	-1.757764e-03	-2.166600e-03	-1.093134e-03
1.720000e+02	 -4.998737e-08	1.067412e-07	4.733459e-07	4.193734e-07	-1.361769e-07	-8.064018e-07	-1.776873e-06	-2.909200e-06	-4.638166e-06	-7.510308e-06	-1.191903e-05	-1.855419e-05	-2.805321e-05	-4.146836e-05	-5.968833e-05	-8.235911e-05	-1.065018e-04	-1.249243e-04	-1.290638e-04	-1.161992e-04	-9.316850e-05	-7.073964e-05	-5.477420e-05	-4.649229e-05	-4.488557e-05	-4.873149e-05	-5.736712e-05	-7.047650e-05	-8.817119e-05	-1.109136e-04	-1.392864e-04	-1.744232e-04	-2.175462e-04	-2.710619e-04	-3.366890e-04	-4.187517e-04	-5.211311e-04	-6.505784e-04	-8.172733e-04	-1.034461e-03	-1.321468e-03	-1.704332e-03	-2.099374e-03
