Omm=0.3111	 Omb=0.0490	 h=0.677	 ns=0.9665	 Acamb=2.105e-09
z=0.0000	 D1=0.786	 D10=0.786	 f=0.5234	 r=0.00 Mpc/h
Mixed variance for the quadrupole, with coefficient set to 1
0.000000e+00	 4.000000e+00	8.000000e+00	1.200000e+01	1.600000e+01	2.000000e+01	2.400000e+01	2.800000e+01	3.200000e+01	3.600000e+01	4.000000e+01	4.400000e+01	4.800000e+01	5.200000e+01	5.600000e+01	6.000000e+01	6.400000e+01	6.800000e+01	7.200000e+01	7.600000e+01	8.000000e+01	8.400000e+01	8.800000e+01	9.200000e+01	9.600000e+01	1.000000e+02	1.040000e+02	1.080000e+02	1.120000e+02	1.160000e+02	1.200000e+02	1.240000e+02	1.280000e+02	1.320000e+02	1.360000e+02	1.400000e+02	1.440000e+02	1.480000e+02	1.520000e+02	1.560000e+02	1.600000e+02	1.640000e+02	1.680000e+02	1.720000e+02
4.000000e+00	 2.589680e+01	4.268285e+00	1.192535e+00	4.681488e-01	2.093063e-01	1.035225e-01	6.422009e-02	3.601095e-02	2.217797e-02	1.482448e-02	9.617972e-03	6.549247e-03	5.116427e-03	3.038793e-03	2.528988e-03	1.748374e-03	1.174796e-03	1.080040e-03	7.393683e-04	1.050158e-03	1.596324e-03	2.229782e-03	1.043882e-03	-1.642886e-03	-2.876320e-03	-1.815983e-03	-1.774564e-04	6.752532e-04	8.158556e-04	7.485128e-04	4.863798e-04	3.652670e-04	2.175787e-04	1.221691e-04	9.733044e-05	3.622134e-05	2.816829e-05	1.170797e-05	-9.758278e-06	1.137087e-05	-1.352460e-05	-6.495350e-06	-5.528557e-07
8.000000e+00	 4.268285e+00	1.480034e+01	4.855750e+00	1.874820e+00	8.591710e-01	4.425432e-01	2.453850e-01	1.476471e-01	9.163867e-02	5.868337e-02	3.966889e-02	2.693258e-02	1.901608e-02	1.351297e-02	9.707441e-03	6.993125e-03	5.164642e-03	3.926837e-03	3.521146e-03	4.441145e-03	6.531002e-03	7.277048e-03	2.690944e-03	-5.448064e-03	-9.457122e-03	-6.663631e-03	-1.337064e-03	2.110206e-03	3.094448e-03	2.795705e-03	2.084298e-03	1.418250e-03	9.067119e-04	5.510555e-04	3.473328e-04	1.946019e-04	1.079535e-04	3.523999e-05	1.441629e-06	2.697082e-06	-2.432571e-05	-2.566977e-05	-1.735134e-06
1.200000e+01	 1.192535e+00	4.855750e+00	1.004622e+01	4.349215e+00	2.003604e+00	1.028416e+00	5.723885e-01	3.381033e-01	2.110206e-01	1.362754e-01	9.040602e-02	6.220025e-02	4.321411e-02	3.091860e-02	2.215992e-02	1.611039e-02	1.186655e-02	9.325840e-03	8.965186e-03	1.101135e-02	1.369360e-02	1.183722e-02	2.661656e-03	-9.267794e-03	-1.572543e-02	-1.265472e-02	-4.275571e-03	2.871048e-03	5.938965e-03	5.914933e-03	4.688030e-03	3.277376e-03	2.138875e-03	1.347680e-03	8.101609e-04	4.880868e-04	2.497052e-04	1.074374e-04	3.194736e-05	-1.967533e-05	-3.238673e-05	-3.692859e-05	-4.092445e-06
1.600000e+01	 4.681488e-01	1.874820e+00	4.349215e+00	7.392855e+00	3.723111e+00	1.914168e+00	1.061979e+00	6.261196e-01	3.872037e-01	2.499045e-01	1.661787e-01	1.130457e-01	7.915326e-02	5.593498e-02	4.036594e-02	2.935243e-02	2.201766e-02	1.818377e-02	1.807667e-02	2.036443e-02	2.032038e-02	1.362223e-02	1.020770e-03	-1.195145e-02	-1.903644e-02	-1.723799e-02	-8.371195e-03	1.669582e-03	7.878325e-03	9.393535e-03	8.091492e-03	5.986429e-03	4.049395e-03	2.588333e-03	1.598998e-03	9.308435e-04	5.146013e-04	2.461162e-04	7.916368e-05	-9.500477e-06	-4.690962e-05	-3.003849e-05	-1.358849e-05
2.000000e+01	 2.093063e-01	8.591710e-01	2.003604e+00	3.723111e+00	5.712530e+00	3.164138e+00	1.753458e+00	1.029631e+00	6.343433e-01	4.063607e-01	2.695547e-01	1.834919e-01	1.273014e-01	9.035791e-02	6.480210e-02	4.763243e-02	3.670469e-02	3.159125e-02	3.080036e-02	2.995702e-02	2.434232e-02	1.302669e-02	-8.716793e-04	-1.285023e-02	-1.939722e-02	-1.880082e-02	-1.169689e-02	-1.255804e-03	7.662440e-03	1.189593e-02	1.175551e-02	9.411971e-03	6.701225e-03	4.432032e-03	2.772458e-03	1.658036e-03	9.337359e-04	4.773989e-04	1.912458e-04	3.390355e-05	-2.439349e-05	-3.503429e-05	-4.985735e-05
2.400000e+01	 1.035225e-01	4.425432e-01	1.028416e+00	1.914168e+00	3.164138e+00	4.564337e+00	2.697556e+00	1.579721e+00	9.681642e-01	6.172420e-01	4.067013e-01	2.758567e-01	1.912783e-01	1.348792e-01	9.730094e-02	7.221043e-02	5.734491e-02	4.975687e-02	4.486500e-02	3.758625e-02	2.605965e-02	1.194571e-02	-1.600603e-03	-1.193830e-02	-1.748907e-02	-1.766167e-02	-1.275004e-02	-4.133177e-03	5.394142e-03	1.224845e-02	1.452599e-02	1.307848e-02	1.002546e-02	6.951081e-03	4.496925e-03	2.757037e-03	1.598659e-03	8.545645e-04	4.041614e-04	1.498608e-04	2.506606e-05	-4.951482e-05	-1.137770e-04
2.800000e+01	 6.422009e-02	2.453850e-01	5.723885e-01	1.061979e+00	1.753458e+00	2.697556e+00	3.738362e+00	2.315996e+00	1.414097e+00	8.962412e-01	5.871679e-01	3.957056e-01	2.733978e-01	1.928468e-01	1.393760e-01	1.053301e-01	8.442384e-02	7.076471e-02	5.800831e-02	4.339213e-02	2.740212e-02	1.218091e-02	-4.324050e-04	-9.300749e-03	-1.401370e-02	-1.465834e-02	-1.156201e-02	-5.367846e-03	2.686967e-03	1.045410e-02	1.526788e-02	1.596958e-02	1.359986e-02	1.011060e-02	6.853118e-03	4.362793e-03	2.614045e-03	1.472247e-03	7.681339e-04	3.584789e-04	1.033779e-04	-6.064181e-05	-1.714556e-04
3.200000e+01	 3.601095e-02	1.476471e-01	3.381033e-01	6.261196e-01	1.029631e+00	1.579721e+00	2.315996e+00	3.121178e+00	2.004595e+00	1.264159e+00	8.228401e-01	5.511632e-01	3.786571e-01	2.671563e-01	1.945859e-01	1.478332e-01	1.168214e-01	9.242617e-02	7.028644e-02	4.926204e-02	3.038983e-02	1.473308e-02	2.892180e-03	-5.064747e-03	-9.393865e-03	-1.047996e-02	-8.785064e-03	-4.724031e-03	1.174042e-03	7.932105e-03	1.388852e-02	1.699141e-02	1.651629e-02	1.356140e-02	9.860141e-03	6.585154e-03	4.114134e-03	2.433377e-03	1.356756e-03	6.744136e-04	2.446450e-04	-3.376702e-05	-2.012712e-04
3.600000e+01	 2.217797e-02	9.163867e-02	2.110206e-01	3.872037e-01	6.343433e-01	9.681642e-01	1.414097e+00	2.004595e+00	2.646157e+00	1.747747e+00	1.131068e+00	7.527219e-01	5.149598e-01	3.628853e-01	2.650423e-01	1.998187e-01	1.525518e-01	1.151463e-01	8.360183e-02	5.743571e-02	3.629396e-02	2.009881e-02	8.399650e-03	6.417031e-04	-3.800281e-03	-5.516148e-03	-4.985297e-03	-2.615127e-03	1.260807e-03	6.258140e-03	1.160357e-02	1.597297e-02	1.775444e-02	1.646576e-02	1.316500e-02	9.413617e-03	6.217001e-03	3.852413e-03	2.236227e-03	1.175974e-03	4.946165e-04	7.465510e-05	-1.843304e-04
4.000000e+01	 1.482448e-02	5.868337e-02	1.362754e-01	2.499045e-01	4.063607e-01	6.172420e-01	8.962412e-01	1.264159e+00	1.747747e+00	2.272108e+00	1.534866e+00	1.015862e+00	6.919272e-01	4.863858e-01	3.522764e-01	2.603152e-01	1.928193e-01	1.408950e-01	1.006814e-01	6.943996e-02	4.585779e-02	2.843163e-02	1.608097e-02	7.780917e-03	2.693120e-03	1.181805e-04	-4.823039e-04	4.819147e-04	2.704285e-03	5.934574e-03	9.892508e-03	1.397122e-02	1.706397e-02	1.785802e-02	1.603115e-02	1.259118e-02	8.906989e-03	5.813368e-03	3.523061e-03	1.955843e-03	9.389328e-04	2.976198e-04	-1.040152e-04
4.400000e+01	 9.617972e-03	3.966889e-02	9.040602e-02	1.661787e-01	2.695547e-01	4.067013e-01	5.871679e-01	8.228401e-01	1.131068e+00	1.534866e+00	1.972838e+00	1.360882e+00	9.225218e-01	6.431954e-01	4.588776e-01	3.316203e-01	2.404118e-01	1.732808e-01	1.233769e-01	8.659758e-02	5.945240e-02	3.987659e-02	2.595501e-02	1.639304e-02	1.013937e-02	6.420781e-03	4.616934e-03	4.291105e-03	5.110181e-03	6.846569e-03	9.329487e-03	1.232974e-02	1.534969e-02	1.746143e-02	1.756167e-02	1.541753e-02	1.193186e-02	8.317734e-03	5.326918e-03	3.138772e-03	1.657120e-03	6.920855e-04	6.959580e-05
4.800000e+01	 6.549247e-03	2.693258e-02	6.220025e-02	1.130457e-01	1.834919e-01	2.758567e-01	3.957056e-01	5.511632e-01	7.527219e-01	1.015862e+00	1.360882e+00	1.736125e+00	1.221450e+00	8.416485e-01	5.905081e-01	4.195141e-01	2.999497e-01	2.150297e-01	1.538731e-01	1.095573e-01	7.765019e-02	5.456680e-02	3.816143e-02	2.659033e-02	1.867750e-02	1.347551e-02	1.032604e-02	8.698939e-03	8.239140e-03	8.694387e-03	9.874622e-03	1.165363e-02	1.385209e-02	1.604909e-02	1.743245e-02	1.702340e-02	1.465143e-02	1.116269e-02	7.670004e-03	4.822940e-03	2.746669e-03	1.331337e-03	4.060538e-04
5.200000e+01	 5.116427e-03	1.901608e-02	4.321411e-02	7.915326e-02	1.273014e-01	1.912783e-01	2.733978e-01	3.786571e-01	5.149598e-01	6.919272e-01	9.225218e-01	1.221450e+00	1.541661e+00	1.095064e+00	7.579509e-01	5.316149e-01	3.769530e-01	2.693912e-01	1.936633e-01	1.396323e-01	1.007952e-01	7.298387e-02	5.290475e-02	3.861808e-02	2.847556e-02	2.145318e-02	1.671940e-02	1.371142e-02	1.199602e-02	1.126163e-02	1.130528e-02	1.197353e-02	1.317296e-02	1.474083e-02	1.627907e-02	1.706896e-02	1.627288e-02	1.377909e-02	1.036717e-02	7.017082e-03	4.298918e-03	2.322082e-03	9.891928e-04
5.600000e+01	 3.038793e-03	1.351297e-02	3.091860e-02	5.593498e-02	9.035791e-02	1.348792e-01	1.928468e-01	2.671563e-01	3.628853e-01	4.863858e-01	6.431954e-01	8.416485e-01	1.095064e+00	1.366446e+00	9.754293e-01	6.780652e-01	4.774977e-01	3.403289e-01	2.449650e-01	1.778715e-01	1.299817e-01	9.549503e-02	7.072585e-02	5.273221e-02	3.982424e-02	3.052810e-02	2.395723e-02	1.940602e-02	1.636706e-02	1.446573e-02	1.344245e-02	1.312651e-02	1.338141e-02	1.409487e-02	1.511975e-02	1.611948e-02	1.646717e-02	1.542079e-02	1.287759e-02	9.551518e-03	6.340939e-03	3.767295e-03	1.920225e-03
6.000000e+01	 2.528988e-03	9.707441e-03	2.215992e-02	4.036594e-02	6.480210e-02	9.730094e-02	1.393760e-01	1.945859e-01	2.650423e-01	3.522764e-01	4.588776e-01	5.905081e-01	7.579509e-01	9.754293e-01	1.211345e+00	8.706809e-01	6.095344e-01	4.325611e-01	3.110212e-01	2.261601e-01	1.661799e-01	1.231607e-01	9.203530e-02	6.949927e-02	5.298408e-02	4.098841e-02	3.223028e-02	2.592014e-02	2.141532e-02	1.829536e-02	1.622246e-02	1.496207e-02	1.433311e-02	1.421020e-02	1.451077e-02	1.511360e-02	1.571484e-02	1.573345e-02	1.449808e-02	1.194210e-02	8.734718e-03	5.697125e-03	3.284930e-03
6.400000e+01	 1.748374e-03	6.993125e-03	1.611039e-02	2.935243e-02	4.763243e-02	7.221043e-02	1.053301e-01	1.478332e-01	1.998187e-01	2.603152e-01	3.316203e-01	4.195141e-01	5.316149e-01	6.780652e-01	8.706809e-01	1.081366e+00	7.831201e-01	5.529117e-01	3.959279e-01	2.874119e-01	2.111833e-01	1.570133e-01	1.178918e-01	8.934624e-02	6.852368e-02	5.311533e-02	4.179361e-02	3.341588e-02	2.727822e-02	2.281391e-02	1.962836e-02	1.739864e-02	1.590493e-02	1.500066e-02	1.458383e-02	1.457685e-02	1.485348e-02	1.513014e-02	1.489138e-02	1.354132e-02	1.103352e-02	7.976833e-03	5.108122e-03
6.800000e+01	 1.174796e-03	5.164642e-03	1.186655e-02	2.201766e-02	3.670469e-02	5.734491e-02	8.442384e-02	1.168214e-01	1.525518e-01	1.928193e-01	2.404118e-01	2.999497e-01	3.769530e-01	4.774977e-01	6.095344e-01	7.831201e-01	9.728688e-01	7.102426e-01	5.058107e-01	3.654722e-01	2.677602e-01	1.986895e-01	1.492303e-01	1.132792e-01	8.686622e-02	6.742141e-02	5.291535e-02	4.215109e-02	3.410867e-02	2.812353e-02	2.368641e-02	2.042103e-02	1.804627e-02	1.637947e-02	1.527918e-02	1.463711e-02	1.437493e-02	1.438744e-02	1.442429e-02	1.401863e-02	1.262012e-02	1.018240e-02	7.272291e-03
7.200000e+01	 1.080040e-03	3.926837e-03	9.325840e-03	1.818377e-02	3.159125e-02	4.975687e-02	7.076471e-02	9.242617e-02	1.151463e-01	1.408950e-01	1.732808e-01	2.150297e-01	2.693912e-01	3.403289e-01	4.325611e-01	5.529117e-01	7.102426e-01	8.819806e-01	6.487652e-01	4.658738e-01	3.393518e-01	2.507395e-01	1.876475e-01	1.422058e-01	1.089406e-01	8.432110e-02	6.607206e-02	5.236680e-02	4.210574e-02	3.434598e-02	2.849246e-02	2.407256e-02	2.076448e-02	1.830503e-02	1.651246e-02	1.524944e-02	1.442545e-02	1.397767e-02	1.381106e-02	1.368540e-02	1.316157e-02	1.174258e-02	9.392633e-03
7.600000e+01	 7.393683e-04	3.521146e-03	8.965186e-03	1.807667e-02	3.080036e-02	4.486500e-02	5.800831e-02	7.028644e-02	8.360183e-02	1.006814e-01	1.233769e-01	1.538731e-01	1.936633e-01	2.449650e-01	3.110212e-01	3.959279e-01	5.058107e-01	6.487652e-01	8.045035e-01	5.959684e-01	4.311156e-01	3.163945e-01	2.355186e-01	1.776169e-01	1.356210e-01	1.046862e-01	8.167241e-02	6.450169e-02	5.150368e-02	4.167372e-02	3.417069e-02	2.845236e-02	2.409128e-02	2.077180e-02	1.825030e-02	1.636100e-02	1.498960e-02	1.405479e-02	1.348550e-02	1.318613e-02	1.293752e-02	1.233751e-02	1.092344e-02
8.000000e+01	 1.050158e-03	4.441145e-03	1.101135e-02	2.036443e-02	2.995702e-02	3.758625e-02	4.339213e-02	4.926204e-02	5.743571e-02	6.943996e-02	8.659758e-02	1.095573e-01	1.396323e-01	1.778715e-01	2.261601e-01	2.874119e-01	3.654722e-01	4.658738e-01	5.959684e-01	7.378641e-01	5.499017e-01	4.004777e-01	2.958670e-01	2.216876e-01	1.682663e-01	1.293302e-01	1.005010e-01	7.891108e-02	6.269287e-02	5.032569e-02	4.090900e-02	3.367418e-02	2.811010e-02	2.381143e-02	2.049938e-02	1.795398e-02	1.602583e-02	1.460050e-02	1.359010e-02	1.293318e-02	1.254218e-02	1.220757e-02	1.155149e-02
8.400000e+01	 1.596324e-03	6.531002e-03	1.369360e-02	2.032038e-02	2.434232e-02	2.605965e-02	2.740212e-02	3.038983e-02	3.629396e-02	4.585779e-02	5.945240e-02	7.765019e-02	1.007952e-01	1.299817e-01	1.661799e-01	2.111833e-01	2.677602e-01	3.393518e-01	4.311156e-01	5.499017e-01	6.793522e-01	5.091768e-01	3.730723e-01	2.772392e-01	2.089515e-01	1.595331e-01	1.232987e-01	9.632842e-02	7.601676e-02	6.066941e-02	4.891169e-02	3.990326e-02	3.292159e-02	2.751178e-02	2.330254e-02	2.004181e-02	1.751872e-02	1.558092e-02	1.412596e-02	1.307165e-02	1.235837e-02	1.189577e-02	1.149146e-02
8.800000e+01	 2.229782e-03	7.277048e-03	1.183722e-02	1.362223e-02	1.302669e-02	1.194571e-02	1.218091e-02	1.473308e-02	2.009881e-02	2.843163e-02	3.987659e-02	5.456680e-02	7.298387e-02	9.549503e-02	1.231607e-01	1.570133e-01	1.986895e-01	2.507395e-01	3.163945e-01	4.004777e-01	5.091768e-01	6.277762e-01	4.728688e-01	3.483278e-01	2.602417e-01	1.971533e-01	1.512528e-01	1.174522e-01	9.216165e-02	7.303890e-02	5.851596e-02	4.731856e-02	3.869270e-02	3.197463e-02	2.674634e-02	2.266303e-02	1.947468e-02	1.702497e-02	1.506527e-02	1.360321e-02	1.252213e-02	1.176494e-02	1.124895e-02
9.200000e+01	 1.043882e-03	2.690944e-03	2.661656e-03	1.020770e-03	-8.716793e-04	-1.600603e-03	-4.324050e-04	2.892180e-03	8.399650e-03	1.608097e-02	2.595501e-02	3.816143e-02	5.290475e-02	7.072585e-02	9.203530e-02	1.178918e-01	1.492303e-01	1.876475e-01	2.355186e-01	2.958670e-01	3.730723e-01	4.728688e-01	5.818350e-01	4.402695e-01	3.258794e-01	2.445959e-01	1.861310e-01	1.433974e-01	1.118007e-01	8.806286e-02	7.001946e-02	5.625104e-02	4.559681e-02	3.735872e-02	3.092147e-02	2.588767e-02	2.193484e-02	1.883520e-02	1.640368e-02	1.450438e-02	1.304389e-02	1.194878e-02	1.116284e-02
9.600000e+01	 -1.642886e-03	-5.448064e-03	-9.267794e-03	-1.195145e-02	-1.285023e-02	-1.193830e-02	-9.300749e-03	-5.064747e-03	6.417031e-04	7.780917e-03	1.639304e-02	2.659033e-02	3.861808e-02	5.273221e-02	6.949927e-02	8.934624e-02	1.132792e-01	1.422058e-01	1.776169e-01	2.216876e-01	2.772392e-01	3.483278e-01	4.402695e-01	5.407336e-01	4.108076e-01	3.053588e-01	2.301376e-01	1.758045e-01	1.359555e-01	1.063498e-01	8.401834e-02	6.698584e-02	5.394851e-02	4.382832e-02	3.597044e-02	2.980674e-02	2.497100e-02	2.115895e-02	1.815122e-02	1.577613e-02	1.391040e-02	1.246255e-02	1.136233e-02
1.000000e+02	 -2.876320e-03	-9.457122e-03	-1.572543e-02	-1.903644e-02	-1.939722e-02	-1.748907e-02	-1.401370e-02	-9.393865e-03	-3.800281e-03	2.693120e-03	1.013937e-02	1.867750e-02	2.847556e-02	3.982424e-02	5.298408e-02	6.852368e-02	8.686622e-02	1.089406e-01	1.356210e-01	1.682663e-01	2.089515e-01	2.602417e-01	3.258794e-01	4.108076e-01	5.037145e-01	3.840385e-01	2.865482e-01	2.167468e-01	1.661348e-01	1.288758e-01	1.010998e-01	8.009083e-02	6.401273e-02	5.166504e-02	4.204814e-02	3.456090e-02	2.866820e-02	2.402456e-02	2.034692e-02	1.743426e-02	1.512351e-02	1.329497e-02	1.186710e-02
1.040000e+02	 -1.815983e-03	-6.663631e-03	-1.265472e-02	-1.723799e-02	-1.880082e-02	-1.766167e-02	-1.465834e-02	-1.047996e-02	-5.516148e-03	1.181805e-04	6.420781e-03	1.347551e-02	2.145318e-02	3.052810e-02	4.098841e-02	5.311533e-02	6.742141e-02	8.432110e-02	1.046862e-01	1.293302e-01	1.595331e-01	1.971533e-01	2.445959e-01	3.053588e-01	3.840385e-01	4.701939e-01	3.596511e-01	2.692629e-01	2.043062e-01	1.570673e-01	1.221444e-01	9.610589e-02	7.631157e-02	6.112254e-02	4.942655e-02	4.029046e-02	3.315070e-02	2.751387e-02	2.305745e-02	1.951472e-02	1.669780e-02	1.445299e-02	1.267295e-02
1.080000e+02	 -1.774564e-04	-1.337064e-03	-4.275571e-03	-8.371195e-03	-1.169689e-02	-1.275004e-02	-1.156201e-02	-8.785064e-03	-4.985297e-03	-4.823039e-04	4.616934e-03	1.032604e-02	1.671940e-02	2.395723e-02	3.223028e-02	4.179361e-02	5.291535e-02	6.607206e-02	8.167241e-02	1.005010e-01	1.232987e-01	1.512528e-01	1.861310e-01	2.301376e-01	2.865482e-01	3.596511e-01	4.397964e-01	3.373360e-01	2.533407e-01	1.927466e-01	1.486033e-01	1.158873e-01	9.135697e-02	7.269936e-02	5.833882e-02	4.724750e-02	3.855954e-02	3.175115e-02	2.636025e-02	2.208350e-02	1.867536e-02	1.595716e-02	1.378825e-02
1.120000e+02	 6.752532e-04	2.110206e-03	2.871048e-03	1.669582e-03	-1.255804e-03	-4.133177e-03	-5.367846e-03	-4.724031e-03	-2.615127e-03	4.819147e-04	4.291105e-03	8.698939e-03	1.371142e-02	1.940602e-02	2.592014e-02	3.341588e-02	4.215109e-02	5.236680e-02	6.450169e-02	7.891108e-02	9.632842e-02	1.174522e-01	1.433974e-01	1.758045e-01	2.167468e-01	2.692629e-01	3.373360e-01	4.121237e-01	3.168827e-01	2.386469e-01	1.820700e-01	1.407343e-01	1.099646e-01	8.687281e-02	6.925402e-02	5.565976e-02	4.513557e-02	3.686765e-02	3.037147e-02	2.521506e-02	2.111712e-02	1.784500e-02	1.523318e-02
1.160000e+02	 8.158556e-04	3.094448e-03	5.938965e-03	7.878325e-03	7.662440e-03	5.394142e-03	2.686967e-03	1.174042e-03	1.260807e-03	2.704285e-03	5.110181e-03	8.239140e-03	1.199602e-02	1.636706e-02	2.141532e-02	2.727822e-02	3.410867e-02	4.210574e-02	5.150368e-02	6.269287e-02	7.601676e-02	9.216165e-02	1.118007e-01	1.359555e-01	1.661348e-01	2.043062e-01	2.533407e-01	3.168827e-01	3.868164e-01	2.981923e-01	2.250888e-01	1.721344e-01	1.333074e-01	1.044030e-01	8.262471e-02	6.596903e-02	5.308321e-02	4.309093e-02	3.522074e-02	2.902518e-02	2.409826e-02	2.017671e-02	1.703741e-02
1.200000e+02	 7.485128e-04	2.795705e-03	5.914933e-03	9.393535e-03	1.189593e-02	1.224845e-02	1.045410e-02	7.932105e-03	6.258140e-03	5.934574e-03	6.846569e-03	8.694387e-03	1.126163e-02	1.446573e-02	1.829536e-02	2.281391e-02	2.812353e-02	3.434598e-02	4.167372e-02	5.032569e-02	6.066941e-02	7.303890e-02	8.806286e-02	1.063498e-01	1.288758e-01	1.570673e-01	1.927466e-01	2.386469e-01	2.981923e-01	3.633772e-01	2.809762e-01	2.125800e-01	1.629130e-01	1.264069e-01	9.917385e-02	7.860747e-02	6.284312e-02	5.062378e-02	4.112518e-02	3.363409e-02	2.772626e-02	2.301943e-02	1.926339e-02
1.240000e+02	 4.863798e-04	2.084298e-03	4.688030e-03	8.091492e-03	1.175551e-02	1.452599e-02	1.526788e-02	1.388852e-02	1.160357e-02	9.892508e-03	9.329487e-03	9.874622e-03	1.130528e-02	1.344245e-02	1.622246e-02	1.962836e-02	2.368641e-02	2.849246e-02	3.417069e-02	4.090900e-02	4.891169e-02	5.851596e-02	7.001946e-02	8.401834e-02	1.010998e-01	1.221444e-01	1.486033e-01	1.820700e-01	2.250888e-01	2.809762e-01	3.425028e-01	2.651229e-01	2.009998e-01	1.543252e-01	1.199547e-01	9.425480e-02	7.480667e-02	5.987489e-02	4.827910e-02	3.925053e-02	3.211558e-02	2.647692e-02	2.197938e-02
1.280000e+02	 3.652670e-04	1.418250e-03	3.277376e-03	5.986429e-03	9.411971e-03	1.307848e-02	1.596958e-02	1.699141e-02	1.597297e-02	1.397122e-02	1.232974e-02	1.165363e-02	1.197353e-02	1.312651e-02	1.496207e-02	1.739864e-02	2.042103e-02	2.407256e-02	2.845236e-02	3.367418e-02	3.990326e-02	4.731856e-02	5.625104e-02	6.698584e-02	8.009083e-02	9.610589e-02	1.158873e-01	1.407343e-01	1.721344e-01	2.125800e-01	2.651229e-01	3.230222e-01	2.505017e-01	1.902585e-01	1.463325e-01	1.139145e-01	8.963146e-02	7.122201e-02	5.706399e-02	4.605307e-02	3.745951e-02	3.066280e-02	2.528192e-02
1.320000e+02	 2.175787e-04	9.067119e-04	2.138875e-03	4.049395e-03	6.701225e-03	1.002546e-02	1.359986e-02	1.651629e-02	1.775444e-02	1.706397e-02	1.534969e-02	1.385209e-02	1.317296e-02	1.338141e-02	1.433311e-02	1.590493e-02	1.804627e-02	2.076448e-02	2.409128e-02	2.811010e-02	3.292159e-02	3.869270e-02	4.559681e-02	5.394851e-02	6.401273e-02	7.631157e-02	9.135697e-02	1.099646e-01	1.333074e-01	1.629130e-01	2.009998e-01	2.505017e-01	3.050818e-01	2.369763e-01	1.802897e-01	1.388783e-01	1.082634e-01	8.529128e-02	6.784718e-02	5.440862e-02	4.394221e-02	3.576003e-02	2.927459e-02
1.360000e+02	 1.221691e-04	5.510555e-04	1.347680e-03	2.588333e-03	4.432032e-03	6.951081e-03	1.011060e-02	1.356140e-02	1.646576e-02	1.785802e-02	1.746143e-02	1.604909e-02	1.474083e-02	1.409487e-02	1.421020e-02	1.500066e-02	1.637947e-02	1.830503e-02	2.077180e-02	2.381143e-02	2.751178e-02	3.197463e-02	3.735872e-02	4.382832e-02	5.166504e-02	6.112254e-02	7.269936e-02	8.687281e-02	1.044030e-01	1.264069e-01	1.543252e-01	1.902585e-01	2.369763e-01	2.885444e-01	2.244715e-01	1.710322e-01	1.319300e-01	1.029791e-01	8.121821e-02	6.467174e-02	5.190271e-02	4.193863e-02	3.413361e-02
1.400000e+02	 9.733044e-05	3.473328e-04	8.101609e-04	1.598998e-03	2.772458e-03	4.496925e-03	6.853118e-03	9.860141e-03	1.316500e-02	1.603115e-02	1.756167e-02	1.743245e-02	1.627907e-02	1.511975e-02	1.451077e-02	1.458383e-02	1.527918e-02	1.651246e-02	1.825030e-02	2.049938e-02	2.330254e-02	2.674634e-02	3.092147e-02	3.597044e-02	4.204814e-02	4.942655e-02	5.833882e-02	6.925402e-02	8.262471e-02	9.917385e-02	1.199547e-01	1.463325e-01	1.802897e-01	2.244715e-01	2.732427e-01	2.128558e-01	1.624048e-01	1.254428e-01	9.802587e-02	7.739790e-02	6.167678e-02	4.952416e-02	4.002654e-02
1.440000e+02	 3.622134e-05	1.946019e-04	4.880868e-04	9.308435e-04	1.658036e-03	2.757037e-03	4.362793e-03	6.585154e-03	9.413617e-03	1.259118e-02	1.541753e-02	1.702340e-02	1.706896e-02	1.611948e-02	1.511360e-02	1.457685e-02	1.463711e-02	1.524944e-02	1.636100e-02	1.795398e-02	2.004181e-02	2.266303e-02	2.588767e-02	2.980674e-02	3.456090e-02	4.029046e-02	4.724750e-02	5.565976e-02	6.596903e-02	7.860747e-02	9.425480e-02	1.139145e-01	1.388783e-01	1.710322e-01	2.128558e-01	2.590728e-01	2.020677e-01	1.544048e-01	1.193916e-01	9.339713e-02	7.379478e-02	5.884059e-02	4.727232e-02
1.480000e+02	 2.816829e-05	1.079535e-04	2.497052e-04	5.146013e-04	9.337359e-04	1.598659e-03	2.614045e-03	4.114134e-03	6.217001e-03	8.906989e-03	1.193186e-02	1.465143e-02	1.627288e-02	1.646717e-02	1.571484e-02	1.485348e-02	1.437493e-02	1.442545e-02	1.498960e-02	1.602583e-02	1.751872e-02	1.947468e-02	2.193484e-02	2.497100e-02	2.866820e-02	3.315070e-02	3.855954e-02	4.513557e-02	5.308321e-02	6.284312e-02	7.480667e-02	8.963146e-02	1.082634e-01	1.319300e-01	1.624048e-01	2.020677e-01	2.459848e-01	1.920856e-01	1.469261e-01	1.137229e-01	8.903267e-02	7.040222e-02	5.617659e-02
1.520000e+02	 1.170797e-05	3.523999e-05	1.074374e-04	2.461162e-04	4.773989e-04	8.545645e-04	1.472247e-03	2.433377e-03	3.852413e-03	5.813368e-03	8.317734e-03	1.116269e-02	1.377909e-02	1.542079e-02	1.573345e-02	1.513014e-02	1.438744e-02	1.397767e-02	1.405479e-02	1.460050e-02	1.558092e-02	1.702497e-02	1.883520e-02	2.115895e-02	2.402456e-02	2.751387e-02	3.175115e-02	3.686765e-02	4.309093e-02	5.062378e-02	5.987489e-02	7.122201e-02	8.529128e-02	1.029791e-01	1.254428e-01	1.544048e-01	1.920856e-01	2.337919e-01	1.827609e-01	1.399266e-01	1.084093e-01	8.494497e-02	6.721754e-02
1.560000e+02	 -9.758278e-06	1.441629e-06	3.194736e-05	7.916368e-05	1.912458e-04	4.041614e-04	7.681339e-04	1.356756e-03	2.236227e-03	3.523061e-03	5.326918e-03	7.670004e-03	1.036717e-02	1.287759e-02	1.449808e-02	1.489138e-02	1.442429e-02	1.381106e-02	1.348550e-02	1.359010e-02	1.412596e-02	1.506527e-02	1.640368e-02	1.815122e-02	2.034692e-02	2.305745e-02	2.636025e-02	3.037147e-02	3.522074e-02	4.112518e-02	4.827910e-02	5.706399e-02	6.784718e-02	8.121821e-02	9.802587e-02	1.193916e-01	1.469261e-01	1.827609e-01	2.224338e-01	1.740520e-01	1.334040e-01	1.034437e-01	8.111312e-02
1.600000e+02	 1.137087e-05	2.697082e-06	-1.967533e-05	-9.500477e-06	3.390355e-05	1.498608e-04	3.584789e-04	6.744136e-04	1.175974e-03	1.955843e-03	3.138772e-03	4.822940e-03	7.017082e-03	9.551518e-03	1.194210e-02	1.354132e-02	1.401863e-02	1.368540e-02	1.318613e-02	1.293318e-02	1.307165e-02	1.360321e-02	1.450438e-02	1.577613e-02	1.743426e-02	1.951472e-02	2.208350e-02	2.521506e-02	2.902518e-02	3.363409e-02	3.925053e-02	4.605307e-02	5.440862e-02	6.467174e-02	7.739790e-02	9.339713e-02	1.137229e-01	1.399266e-01	1.740520e-01	2.118506e-01	1.659321e-01	1.272726e-01	9.877583e-02
1.640000e+02	 -1.352460e-05	-2.432571e-05	-3.238673e-05	-4.690962e-05	-2.439349e-05	2.506606e-05	1.033779e-04	2.446450e-04	4.946165e-04	9.389328e-04	1.657120e-03	2.746669e-03	4.298918e-03	6.340939e-03	8.734718e-03	1.103352e-02	1.262012e-02	1.316157e-02	1.293752e-02	1.254218e-02	1.235837e-02	1.252213e-02	1.304389e-02	1.391040e-02	1.512351e-02	1.669780e-02	1.867536e-02	2.111712e-02	2.409826e-02	2.772626e-02	3.211558e-02	3.745951e-02	4.394221e-02	5.190271e-02	6.167678e-02	7.379478e-02	8.903267e-02	1.084093e-01	1.334040e-01	1.659321e-01	2.019959e-01	1.583393e-01	1.215558e-01
1.680000e+02	 -6.495350e-06	-2.566977e-05	-3.692859e-05	-3.003849e-05	-3.503429e-05	-4.951482e-05	-6.064181e-05	-3.376702e-05	7.465510e-05	2.976198e-04	6.920855e-04	1.331337e-03	2.322082e-03	3.767295e-03	5.697125e-03	7.976833e-03	1.018240e-02	1.174258e-02	1.233751e-02	1.220757e-02	1.189577e-02	1.176494e-02	1.194878e-02	1.246255e-02	1.329497e-02	1.445299e-02	1.595716e-02	1.784500e-02	2.017671e-02	2.301943e-02	2.647692e-02	3.066280e-02	3.576003e-02	4.193863e-02	4.952416e-02	5.884059e-02	7.040222e-02	8.494497e-02	1.034437e-01	1.272726e-01	1.583393e-01	1.927827e-01	1.512421e-01
1.720000e+02	 -5.528557e-07	-1.735134e-06	-4.092445e-06	-1.358849e-05	-4.985735e-05	-1.137770e-04	-1.714556e-04	-2.012712e-04	-1.843304e-04	-1.040152e-04	6.959580e-05	4.060538e-04	9.891928e-04	1.920225e-03	3.284930e-03	5.108122e-03	7.272291e-03	9.392633e-03	1.092344e-02	1.155149e-02	1.149146e-02	1.124895e-02	1.116284e-02	1.136233e-02	1.186710e-02	1.267295e-02	1.378825e-02	1.523318e-02	1.703741e-02	1.926339e-02	2.197938e-02	2.528192e-02	2.927459e-02	3.413361e-02	4.002654e-02	4.727232e-02	5.617659e-02	6.721754e-02	8.111312e-02	9.877583e-02	1.215558e-01	1.512421e-01	1.841747e-01
