Omm=0.3111	 Omb=0.0490	 h=0.677	 ns=0.9665	 Acamb=2.105e-09
z=0.0000	 D1=0.786	 D10=0.786	 f=0.5234	 r=0.00 Mpc/h
Mixed variance for the mult24, with coefficient set to 1
0.000000e+00	 4.000000e+00	8.000000e+00	1.200000e+01	1.600000e+01	2.000000e+01	2.400000e+01	2.800000e+01	3.200000e+01	3.600000e+01	4.000000e+01	4.400000e+01	4.800000e+01	5.200000e+01	5.600000e+01	6.000000e+01	6.400000e+01	6.800000e+01	7.200000e+01	7.600000e+01	8.000000e+01	8.400000e+01	8.800000e+01	9.200000e+01	9.600000e+01	1.000000e+02	1.040000e+02	1.080000e+02	1.120000e+02	1.160000e+02	1.200000e+02	1.240000e+02	1.280000e+02	1.320000e+02	1.360000e+02	1.400000e+02	1.440000e+02	1.480000e+02	1.520000e+02	1.560000e+02	1.600000e+02	1.640000e+02	1.680000e+02	1.720000e+02
4.000000e+00	 5.656127e-02	1.477452e-01	5.483996e-02	2.411034e-02	1.233340e-02	7.044509e-03	4.141128e-03	2.667218e-03	1.804030e-03	1.226243e-03	8.840209e-04	6.426882e-04	4.686520e-04	3.665778e-04	2.758461e-04	2.170293e-04	1.731516e-04	1.341230e-04	1.095347e-04	8.078609e-05	5.589034e-05	3.628896e-05	5.427520e-05	9.167753e-05	9.261018e-05	5.294815e-05	1.272014e-05	-4.271886e-06	-5.057998e-06	-2.003236e-06	3.903120e-06	6.055001e-06	8.253785e-06	9.043989e-06	8.403397e-06	8.503956e-06	7.603693e-06	6.948990e-06	6.509195e-06	5.359912e-06	5.200561e-06	4.461774e-06	3.860866e-06
8.000000e+00	 1.356471e-04	2.509011e-02	1.338390e-01	7.738657e-02	4.336201e-02	2.550352e-02	1.585607e-02	1.025655e-02	6.915462e-03	4.829158e-03	3.441902e-03	2.523380e-03	1.879647e-03	1.427815e-03	1.101275e-03	8.625017e-04	6.804526e-04	5.415497e-04	4.267760e-04	3.203825e-04	2.232533e-04	1.769268e-04	2.345748e-04	3.339836e-04	3.307350e-04	2.073965e-04	6.933486e-05	-3.606747e-06	-1.703722e-05	-4.930968e-06	1.193149e-05	2.449341e-05	3.176840e-05	3.470490e-05	3.427682e-05	3.289650e-05	3.044276e-05	2.807535e-05	2.529832e-05	2.226033e-05	2.017906e-05	1.787971e-05	1.546969e-05
1.200000e+01	 -1.081044e-04	-3.567557e-04	1.263020e-02	9.977883e-02	7.439034e-02	4.877199e-02	3.192758e-02	2.140074e-02	1.469660e-02	1.036459e-02	7.489443e-03	5.509272e-03	4.138055e-03	3.150169e-03	2.439051e-03	1.910088e-03	1.512455e-03	1.200533e-03	9.385659e-04	7.070636e-04	5.285884e-04	4.766793e-04	5.606401e-04	6.623347e-04	6.344814e-04	4.419298e-04	2.009835e-04	3.733329e-05	-1.773480e-05	-6.399653e-06	2.379379e-05	5.102528e-05	6.778577e-05	7.495244e-05	7.592191e-05	7.259808e-05	6.811919e-05	6.230005e-05	5.629869e-05	5.056828e-05	4.491504e-05	3.985480e-05	3.478174e-05
1.600000e+01	 -2.078392e-05	-2.402665e-04	-9.623029e-04	6.255948e-03	7.316810e-02	6.449551e-02	4.729661e-02	3.357626e-02	2.390318e-02	1.721967e-02	1.261476e-02	9.399815e-03	7.099954e-03	5.450379e-03	4.231834e-03	3.327038e-03	2.634605e-03	2.084586e-03	1.624971e-03	1.251591e-03	1.019262e-03	9.588769e-04	1.007083e-03	1.037851e-03	9.479705e-04	7.169607e-04	4.126783e-04	1.568258e-04	2.579391e-05	6.120495e-06	4.036192e-05	8.166599e-05	1.115155e-04	1.267008e-04	1.301570e-04	1.267703e-04	1.189922e-04	1.095129e-04	9.943671e-05	8.929744e-05	7.958718e-05	7.018868e-05	6.206936e-05
2.000000e+01	 -6.794181e-05	-1.192439e-04	-5.444270e-04	-1.613000e-03	2.580487e-03	5.436535e-02	5.407556e-02	4.316513e-02	3.263269e-02	2.440097e-02	1.829043e-02	1.383677e-02	1.059061e-02	8.186940e-03	6.404166e-03	5.051475e-03	4.003170e-03	3.161602e-03	2.484336e-03	1.993632e-03	1.711775e-03	1.591658e-03	1.533283e-03	1.442853e-03	1.268124e-03	1.001256e-03	6.765205e-04	3.641796e-04	1.475021e-04	6.077099e-05	6.966175e-05	1.155670e-04	1.584476e-04	1.846073e-04	1.942889e-04	1.917345e-04	1.819540e-04	1.684269e-04	1.535594e-04	1.383331e-04	1.233497e-04	1.095163e-04	9.760759e-05
2.400000e+01	 -9.990336e-05	-2.879254e-05	-2.798742e-04	-8.711618e-04	-2.115256e-03	3.180427e-04	4.113740e-02	4.489816e-02	3.830045e-02	3.047801e-02	2.373144e-02	1.839218e-02	1.430524e-02	1.120581e-02	8.831504e-03	7.004439e-03	5.559304e-03	4.412498e-03	3.542669e-03	2.946496e-03	2.570023e-03	2.320463e-03	2.108188e-03	1.877953e-03	1.607628e-03	1.297327e-03	9.619219e-04	6.321966e-04	3.569198e-04	1.877194e-04	1.351514e-04	1.592021e-04	2.064637e-04	2.442153e-04	2.628992e-04	2.644523e-04	2.543022e-04	2.377948e-04	2.176564e-04	1.967752e-04	1.763233e-04	1.577040e-04	1.413357e-04
2.800000e+01	 1.601951e-05	-2.421155e-05	-1.250886e-04	-4.567338e-04	-1.161442e-03	-2.483159e-03	-1.129003e-03	3.163492e-02	3.726657e-02	3.355717e-02	2.785562e-02	2.244751e-02	1.789991e-02	1.425311e-02	1.137029e-02	9.075732e-03	7.255144e-03	5.841405e-03	4.803652e-03	4.067618e-03	3.532307e-03	3.102604e-03	2.718322e-03	2.347565e-03	1.980194e-03	1.617379e-03	1.263357e-03	9.278307e-04	6.287746e-04	3.966236e-04	2.648416e-04	2.326818e-04	2.609792e-04	3.028380e-04	3.312394e-04	3.401779e-04	3.326776e-04	3.143985e-04	2.902986e-04	2.639522e-04	2.382523e-04	2.143253e-04	1.925105e-04
3.200000e+01	 3.618068e-06	-3.603555e-05	-6.257229e-05	-2.346069e-04	-6.321161e-04	-1.400555e-03	-2.741736e-03	-2.070090e-03	2.468220e-02	3.104108e-02	2.925018e-02	2.516103e-02	2.087281e-02	1.703678e-02	1.380855e-02	1.116321e-02	9.049778e-03	7.429998e-03	6.211135e-03	5.284226e-03	4.542510e-03	3.914919e-03	3.358584e-03	2.855158e-03	2.394140e-03	1.972150e-03	1.587835e-03	1.239788e-03	9.292872e-04	6.657085e-04	4.690579e-04	3.625035e-04	3.395693e-04	3.645836e-04	3.969160e-04	4.142837e-04	4.126382e-04	3.956549e-04	3.693571e-04	3.391340e-04	3.082183e-04	2.785279e-04	2.506440e-04
3.600000e+01	 -7.364387e-06	-3.256753e-06	-5.350519e-05	-1.265339e-04	-3.482226e-04	-7.899024e-04	-1.585124e-03	-2.909328e-03	-2.685461e-03	1.948963e-02	2.598768e-02	2.545629e-02	2.256229e-02	1.915358e-02	1.592381e-02	1.314212e-02	1.088327e-02	9.089041e-03	7.673706e-03	6.523992e-03	5.565395e-03	4.743534e-03	4.028907e-03	3.401549e-03	2.850163e-03	2.366093e-03	1.941391e-03	1.569688e-03	1.244622e-03	9.631147e-04	7.297372e-04	5.586604e-04	4.662452e-04	4.454168e-04	4.631262e-04	4.840499e-04	4.895711e-04	4.775198e-04	4.524375e-04	4.200632e-04	3.847736e-04	3.492178e-04	3.152611e-04
4.000000e+01	 -9.614826e-07	-5.854642e-06	-2.286733e-05	-8.772319e-05	-1.991597e-04	-4.534296e-04	-9.224238e-04	-1.722249e-03	-3.010310e-03	-3.085762e-03	1.553474e-02	2.185297e-02	2.211635e-02	2.009083e-02	1.743721e-02	1.485548e-02	1.259597e-02	1.069098e-02	9.087091e-03	7.731962e-03	6.572673e-03	5.578331e-03	4.721364e-03	3.982718e-03	3.345730e-03	2.797717e-03	2.326852e-03	1.921630e-03	1.573252e-03	1.273603e-03	1.017501e-03	8.068501e-04	6.527246e-04	5.676996e-04	5.441354e-04	5.521176e-04	5.611953e-04	5.561773e-04	5.357138e-04	5.038697e-04	4.657020e-04	4.254056e-04	3.858029e-04
4.400000e+01	 -6.577339e-06	8.405074e-07	-1.330967e-05	-4.997216e-05	-1.289654e-04	-2.712012e-04	-5.467127e-04	-1.028599e-03	-1.821512e-03	-3.068219e-03	-3.361501e-03	1.242737e-02	1.840278e-02	1.921847e-02	1.796244e-02	1.602562e-02	1.398788e-02	1.207722e-02	1.036325e-02	8.851848e-03	7.539557e-03	6.403083e-03	5.426689e-03	4.589247e-03	3.873675e-03	3.262301e-03	2.740897e-03	2.296817e-03	1.917614e-03	1.593859e-03	1.316616e-03	1.080558e-03	8.863580e-04	7.429259e-04	6.604711e-04	6.316123e-04	6.300867e-04	6.290855e-04	6.150049e-04	5.867822e-04	5.485574e-04	5.054314e-04	4.613384e-04
4.800000e+01	 -1.451741e-06	-5.279898e-06	-1.032783e-05	-2.731601e-05	-8.007139e-05	-1.733568e-04	-3.356685e-04	-6.283591e-04	-1.118829e-03	-1.911764e-03	-3.139284e-03	-3.598217e-03	9.968902e-03	1.566140e-02	1.693812e-02	1.626018e-02	1.479775e-02	1.309165e-02	1.139895e-02	9.832837e-03	8.427518e-03	7.196118e-03	6.127352e-03	5.208888e-03	4.422127e-03	3.751318e-03	3.179204e-03	2.692598e-03	2.278133e-03	1.923852e-03	1.623151e-03	1.364318e-03	1.143494e-03	9.608026e-04	8.239079e-04	7.420091e-04	7.081277e-04	6.980530e-04	6.875820e-04	6.650406e-04	6.301612e-04	5.869963e-04	5.399314e-04
5.200000e+01	 3.020492e-06	4.664360e-07	-4.979246e-06	-2.164921e-05	-4.649212e-05	-1.112567e-04	-2.192985e-04	-4.008610e-04	-7.181704e-04	-1.235796e-03	-2.034369e-03	-3.190029e-03	-3.650297e-03	8.214669e-03	1.358476e-02	1.506930e-02	1.470987e-02	1.354350e-02	1.208667e-02	1.059681e-02	9.193115e-03	7.921754e-03	6.801566e-03	5.821882e-03	5.011590e-03	4.253347e-03	3.634095e-03	3.104539e-03	2.652549e-03	2.266548e-03	1.936451e-03	1.653276e-03	1.409477e-03	1.200295e-03	1.026599e-03	8.948666e-04	8.128058e-04	7.734536e-04	7.550926e-04	7.363904e-04	7.070532e-04	6.667905e-04	6.193123e-04
5.600000e+01	 -1.446481e-06	-4.002541e-06	-4.808841e-06	-1.074883e-05	-3.474303e-05	-7.061605e-05	-1.492194e-04	-2.827826e-04	-5.021564e-04	-8.471291e-04	-1.335295e-03	-2.020489e-03	-3.015805e-03	-3.473707e-03	6.893334e-03	1.181944e-02	1.334684e-02	1.319705e-02	1.227797e-02	1.105363e-02	9.768488e-03	8.538384e-03	7.409560e-03	6.437153e-03	5.522446e-03	4.756375e-03	4.095164e-03	3.525622e-03	3.036358e-03	2.616817e-03	2.256634e-03	1.946628e-03	1.679186e-03	1.448273e-03	1.249421e-03	1.083070e-03	9.549669e-04	8.717651e-04	8.274168e-04	8.022477e-04	7.766595e-04	7.414335e-04	6.963423e-04
6.000000e+01	 -8.243692e-07	1.963826e-06	-2.854513e-06	-9.972587e-06	-2.225000e-05	-5.600310e-05	-1.143506e-04	-2.256935e-04	-3.866480e-04	-5.861091e-04	-8.435994e-04	-1.220481e-03	-1.826086e-03	-2.785104e-03	-3.341148e-03	5.715488e-03	1.020957e-02	1.174498e-02	1.177087e-02	1.107507e-02	1.007172e-02	8.980461e-03	7.947301e-03	6.925320e-03	6.033863e-03	5.242819e-03	4.550055e-03	3.946413e-03	3.423818e-03	2.971880e-03	2.581193e-03	2.243653e-03	1.951882e-03	1.699225e-03	1.479764e-03	1.289571e-03	1.129085e-03	1.003795e-03	9.198403e-04	8.712878e-04	8.401575e-04	8.084260e-04	7.680228e-04
6.400000e+01	 -4.847293e-07	-8.544324e-07	-1.603466e-06	-7.886024e-06	-2.207358e-05	-5.219569e-05	-1.130893e-04	-1.930058e-04	-2.798688e-04	-3.594796e-04	-4.686355e-04	-6.810270e-04	-1.069149e-03	-1.713233e-03	-2.695586e-03	-3.337070e-03	4.639718e-03	8.765199e-03	1.030494e-02	1.048420e-02	9.984901e-03	9.207895e-03	8.261914e-03	7.347814e-03	6.481874e-03	5.692338e-03	4.982906e-03	4.356705e-03	3.806620e-03	3.325876e-03	2.906900e-03	2.542920e-03	2.226711e-03	1.951794e-03	1.711913e-03	1.502426e-03	1.319879e-03	1.165111e-03	1.042408e-03	9.577456e-04	9.053532e-04	8.688442e-04	8.321972e-04
6.800000e+01	 -9.462382e-07	-9.818956e-07	-2.786288e-06	-8.950877e-06	-2.833972e-05	-6.425584e-05	-1.079989e-04	-1.384543e-04	-1.389365e-04	-1.456442e-04	-1.982516e-04	-3.412525e-04	-6.176439e-04	-1.065742e-03	-1.741637e-03	-2.718531e-03	-3.392720e-03	3.701950e-03	7.515105e-03	9.050973e-03	9.354857e-03	9.021342e-03	8.380711e-03	7.617221e-03	6.833455e-03	6.076941e-03	5.377660e-03	4.741964e-03	4.174546e-03	3.671771e-03	3.229378e-03	2.841282e-03	2.501652e-03	2.204648e-03	1.944513e-03	1.717001e-03	1.516588e-03	1.341255e-03	1.191333e-03	1.071053e-03	9.856556e-04	9.302496e-04	8.897122e-04
7.200000e+01	 8.580729e-07	1.626826e-08	-4.303624e-06	-1.620421e-05	-3.842342e-05	-6.313942e-05	-6.336527e-05	-2.951717e-05	9.123732e-06	2.089829e-05	-3.150197e-05	-1.580573e-04	-3.722190e-04	-6.984611e-04	-1.167879e-03	-1.834461e-03	-2.770212e-03	-3.441024e-03	2.919751e-03	6.457988e-03	7.977500e-03	8.377765e-03	8.178515e-03	7.675882e-03	7.040918e-03	6.368317e-03	5.707511e-03	5.086505e-03	4.515483e-03	4.001144e-03	3.541663e-03	3.133778e-03	2.772297e-03	2.456044e-03	2.176642e-03	1.930633e-03	1.714054e-03	1.522513e-03	1.353673e-03	1.208221e-03	1.090408e-03	1.004957e-03	9.473220e-04
7.600000e+01	 -2.072810e-07	-2.978546e-06	-8.014277e-06	-2.122664e-05	-3.135361e-05	-1.413963e-05	3.387648e-05	8.902425e-05	1.204130e-04	1.036140e-04	3.790705e-05	-8.471581e-05	-2.615551e-04	-5.027159e-04	-8.337506e-04	-1.287960e-03	-1.919819e-03	-2.800309e-03	-3.452845e-03	2.284933e-03	5.573780e-03	7.064157e-03	7.533014e-03	7.440440e-03	7.051911e-03	6.524798e-03	5.947555e-03	5.367988e-03	4.816139e-03	4.302859e-03	3.835695e-03	3.414776e-03	3.038271e-03	2.703103e-03	2.406178e-03	2.143334e-03	1.910422e-03	1.703840e-03	1.520335e-03	1.357764e-03	1.216946e-03	1.101733e-03	1.016697e-03
8.000000e+01	 -5.295732e-07	-1.096128e-06	-7.805537e-06	-6.187054e-06	2.099731e-05	7.387035e-05	1.293533e-04	1.600123e-04	1.522330e-04	1.073015e-04	2.610125e-05	-8.326312e-05	-2.276303e-04	-4.091609e-04	-6.416309e-04	-9.530574e-04	-1.377836e-03	-1.968738e-03	-2.793318e-03	-3.424174e-03	1.775431e-03	4.835546e-03	6.284979e-03	6.801168e-03	6.792560e-03	6.497027e-03	6.059679e-03	5.563968e-03	5.055163e-03	4.564023e-03	4.101629e-03	3.676515e-03	3.290144e-03	2.942288e-03	2.630566e-03	2.352434e-03	2.104452e-03	1.883579e-03	1.686780e-03	1.511008e-03	1.354670e-03	1.218495e-03	1.106289e-03
8.400000e+01	 -3.441866e-07	-1.988971e-07	9.808369e-06	4.037063e-05	8.999175e-05	1.364773e-04	1.583913e-04	1.477680e-04	1.083399e-04	4.651725e-05	-3.098599e-05	-1.250112e-04	-2.333827e-04	-3.669267e-04	-5.315160e-04	-7.437901e-04	-1.030525e-03	-1.425281e-03	-1.977908e-03	-2.752130e-03	-3.361602e-03	1.367556e-03	4.216257e-03	5.617443e-03	6.164411e-03	6.220340e-03	6.000914e-03	5.638900e-03	5.212764e-03	4.765803e-03	4.327619e-03	3.910057e-03	3.522926e-03	3.168099e-03	2.846089e-03	2.555402e-03	2.294397e-03	2.060648e-03	1.851308e-03	1.663814e-03	1.495720e-03	1.345556e-03	1.214292e-03
8.800000e+01	 6.448392e-07	9.045304e-06	3.407747e-05	7.268021e-05	1.047489e-04	1.151401e-04	9.946368e-05	6.330880e-05	1.342647e-05	-4.473849e-05	-1.086963e-04	-1.777016e-04	-2.568113e-04	-3.476353e-04	-4.624584e-04	-6.082437e-04	-8.008657e-04	-1.065986e-03	-1.435108e-03	-1.955127e-03	-2.686010e-03	-3.276491e-03	1.039541e-03	3.693424e-03	5.040836e-03	5.605940e-03	5.711930e-03	5.555039e-03	5.256905e-03	4.890340e-03	4.496870e-03	4.105364e-03	3.728105e-03	3.374278e-03	3.047688e-03	2.749092e-03	2.477960e-03	2.233238e-03	2.012796e-03	1.814328e-03	1.635962e-03	1.475587e-03	1.331674e-03
9.200000e+01	 6.613674e-07	8.051138e-06	2.388090e-05	3.581294e-05	3.388476e-05	1.476827e-05	-1.629249e-05	-5.434938e-05	-9.529389e-05	-1.372131e-04	-1.802260e-04	-2.257739e-04	-2.759222e-04	-3.370845e-04	-4.115082e-04	-5.110667e-04	-6.423275e-04	-8.202396e-04	-1.068980e-03	-1.417649e-03	-1.910549e-03	-2.603777e-03	-3.177356e-03	7.732328e-04	3.247983e-03	4.540233e-03	5.113370e-03	5.258464e-03	5.152729e-03	4.907948e-03	4.592531e-03	4.246160e-03	3.895166e-03	3.553102e-03	3.230015e-03	2.928935e-03	2.652281e-03	2.399200e-03	2.169560e-03	1.961866e-03	1.774116e-03	1.604656e-03	1.451573e-03
9.600000e+01	 -3.071909e-07	-6.585550e-06	-2.183740e-05	-4.483358e-05	-7.356903e-05	-1.030900e-04	-1.321023e-04	-1.589624e-04	-1.835212e-04	-2.066641e-04	-2.296072e-04	-2.544779e-04	-2.839252e-04	-3.201389e-04	-3.692824e-04	-4.333814e-04	-5.233102e-04	-6.454496e-04	-8.136641e-04	-1.050270e-03	-1.382794e-03	-1.853038e-03	-2.513729e-03	-3.071555e-03	5.559447e-04	2.866393e-03	4.102453e-03	4.676879e-03	4.851372e-03	4.787523e-03	4.588309e-03	4.316756e-03	4.010579e-03	3.696050e-03	3.385913e-03	3.090209e-03	2.812654e-03	2.555705e-03	2.319711e-03	2.104519e-03	1.908844e-03	1.731288e-03	1.570406e-03
1.000000e+02	 -1.017534e-06	-1.110860e-05	-4.175415e-05	-8.724221e-05	-1.317048e-04	-1.686488e-04	-1.954314e-04	-2.141950e-04	-2.275389e-04	-2.376979e-04	-2.472585e-04	-2.584581e-04	-2.733573e-04	-2.947634e-04	-3.242234e-04	-3.676339e-04	-4.271182e-04	-5.123680e-04	-6.294056e-04	-7.914149e-04	-1.019271e-03	-1.338914e-03	-1.789202e-03	-2.420109e-03	-2.962575e-03	3.771080e-04	2.536535e-03	3.716882e-03	4.287340e-03	4.484307e-03	4.454611e-03	4.294104e-03	4.060088e-03	3.789670e-03	3.507282e-03	3.225701e-03	2.954873e-03	2.698815e-03	2.460537e-03	2.240449e-03	2.038657e-03	1.854461e-03	1.686619e-03
1.040000e+02	 -3.480533e-07	-3.501053e-06	-1.854301e-05	-5.257123e-05	-1.004139e-04	-1.455172e-04	-1.802356e-04	-2.031212e-04	-2.167313e-04	-2.247886e-04	-2.303091e-04	-2.358849e-04	-2.439865e-04	-2.564375e-04	-2.758977e-04	-3.043065e-04	-3.466726e-04	-4.050232e-04	-4.887787e-04	-6.035483e-04	-7.615702e-04	-9.822855e-04	-1.290118e-03	-1.722348e-03	-2.326388e-03	-2.854383e-03	2.282951e-04	2.249478e-03	3.375658e-03	3.938079e-03	4.151932e-03	4.149855e-03	4.021236e-03	3.821029e-03	3.581906e-03	3.328230e-03	3.072490e-03	2.824442e-03	2.588345e-03	2.367168e-03	2.161776e-03	1.972726e-03	1.799246e-03
1.080000e+02	 2.936633e-07	3.184546e-06	8.808026e-06	6.492200e-06	-1.504544e-05	-5.425201e-05	-9.619609e-05	-1.307472e-04	-1.551223e-04	-1.710023e-04	-1.813489e-04	-1.892124e-04	-1.969262e-04	-2.070387e-04	-2.215994e-04	-2.430195e-04	-2.731770e-04	-3.169815e-04	-3.765354e-04	-4.603346e-04	-5.736939e-04	-7.281369e-04	-9.424387e-04	-1.240018e-03	-1.656038e-03	-2.235531e-03	-2.749079e-03	1.038220e-04	1.997951e-03	3.071147e-03	3.622986e-03	3.848188e-03	3.870091e-03	3.769298e-03	3.597668e-03	3.386429e-03	3.158619e-03	2.926369e-03	2.698995e-03	2.481129e-03	2.275838e-03	2.084188e-03	1.906910e-03
1.120000e+02	 2.521237e-07	3.387808e-06	1.434972e-05	3.371650e-05	4.849735e-05	4.252639e-05	1.389866e-05	-2.383157e-05	-5.929042e-05	-8.726278e-05	-1.079996e-04	-1.233891e-04	-1.360953e-04	-1.485422e-04	-1.628976e-04	-1.812836e-04	-2.061523e-04	-2.394923e-04	-2.857068e-04	-3.466770e-04	-4.304531e-04	-5.425793e-04	-6.941563e-04	-9.029930e-04	-1.191080e-03	-1.591830e-03	-2.148068e-03	-2.647966e-03	-1.661071e-06	1.775578e-03	2.798544e-03	3.338007e-03	3.571490e-03	3.612358e-03	3.535574e-03	3.389207e-03	3.202926e-03	2.998249e-03	2.787088e-03	2.578655e-03	2.377515e-03	2.186835e-03	2.007219e-03
1.160000e+02	 5.876553e-08	1.179799e-06	8.396768e-06	2.693833e-05	5.704339e-05	8.590196e-05	9.388210e-05	7.578822e-05	4.350315e-05	8.712412e-06	-2.161804e-05	-4.637030e-05	-6.665878e-05	-8.429620e-05	-1.014504e-04	-1.203405e-04	-1.429592e-04	-1.715102e-04	-2.076110e-04	-2.556276e-04	-3.176663e-04	-4.017152e-04	-5.129792e-04	-6.619010e-04	-8.652230e-04	-1.144238e-03	-1.530718e-03	-2.065898e-03	-2.552124e-03	-9.180803e-05	1.578379e-03	2.553308e-03	3.079072e-03	3.318202e-03	3.374965e-03	3.318914e-03	3.194871e-03	3.030410e-03	2.846668e-03	2.654484e-03	2.463230e-03	2.276746e-03	2.100226e-03
1.200000e+02	 1.327603e-07	8.649480e-07	3.026434e-06	1.170356e-05	3.393996e-05	7.022761e-05	1.081518e-04	1.276815e-04	1.199953e-04	9.456645e-05	6.266750e-05	3.191282e-05	4.962269e-06	-1.861971e-05	-4.011055e-05	-6.132076e-05	-8.403725e-05	-1.097627e-04	-1.407276e-04	-1.788799e-04	-2.285309e-04	-2.918025e-04	-3.758710e-04	-4.858282e-04	-6.319126e-04	-8.300198e-04	-1.100644e-03	-1.473879e-03	-1.988719e-03	-2.461543e-03	-1.692132e-04	1.402459e-03	2.332023e-03	2.843565e-03	3.086249e-03	3.156139e-03	3.117685e-03	3.013080e-03	2.868308e-03	2.703045e-03	2.527617e-03	2.352907e-03	2.181057e-03
1.240000e+02	 -2.027563e-07	-3.400347e-07	2.002133e-07	2.562485e-06	1.093989e-05	3.338951e-05	7.216546e-05	1.157616e-04	1.440864e-04	1.458390e-04	1.275812e-04	1.000364e-04	7.085275e-05	4.339317e-05	1.795670e-05	-5.992412e-06	-2.949843e-05	-5.425273e-05	-8.197932e-05	-1.149443e-04	-1.549303e-04	-2.057323e-04	-2.694139e-04	-3.530575e-04	-4.616670e-04	-6.050544e-04	-7.983104e-04	-1.060668e-03	-1.421024e-03	-1.916756e-03	-2.376326e-03	-2.358116e-04	1.245442e-03	2.132023e-03	2.628989e-03	2.873256e-03	2.953958e-03	2.930738e-03	2.843104e-03	2.715122e-03	2.567258e-03	2.408309e-03	2.247088e-03
1.280000e+02	 3.976326e-08	5.670984e-08	-6.882394e-07	-1.502901e-06	-7.414046e-07	6.052521e-06	2.690633e-05	6.568988e-05	1.122124e-04	1.465434e-04	1.562009e-04	1.450356e-04	1.224013e-04	9.582070e-05	6.919146e-05	4.382619e-05	1.947407e-05	-4.989865e-06	-3.115177e-05	-6.044908e-05	-9.468083e-05	-1.355311e-04	-1.868101e-04	-2.507212e-04	-3.339318e-04	-4.411591e-04	-5.815997e-04	-7.697618e-04	-1.024075e-03	-1.372108e-03	-1.849434e-03	-2.295784e-03	-2.930615e-04	1.104891e-03	1.950921e-03	2.433032e-03	2.677513e-03	2.766808e-03	2.756099e-03	2.684163e-03	2.572348e-03	2.438862e-03	2.294222e-03
1.320000e+02	 2.042404e-08	-2.401535e-07	-7.962866e-07	-2.444635e-06	-4.605860e-06	-5.855562e-06	-1.321058e-06	1.702304e-05	5.391884e-05	1.011536e-04	1.394725e-04	1.551742e-04	1.501138e-04	1.324579e-04	1.096319e-04	8.552095e-05	6.141943e-05	3.720593e-05	1.224063e-05	-1.451166e-05	-4.430972e-05	-7.905241e-05	-1.204883e-04	-1.721827e-04	-2.360835e-04	-3.184063e-04	-4.238090e-04	-5.611411e-04	-7.441880e-04	-9.905342e-04	-1.326491e-03	-1.786299e-03	-2.219698e-03	-3.422751e-04	9.788431e-04	1.786445e-03	2.253677e-03	2.496520e-03	2.593613e-03	2.594781e-03	2.535152e-03	2.437319e-03	2.317623e-03
1.360000e+02	 -2.878218e-08	-2.837882e-07	-8.254121e-07	-1.961222e-06	-4.762614e-06	-8.407220e-06	-1.170354e-05	-9.953036e-06	5.289912e-06	3.952105e-05	8.577030e-05	1.259888e-04	1.461939e-04	1.468727e-04	1.346031e-04	1.158174e-04	9.423499e-05	7.152596e-05	4.811693e-05	2.365763e-05	-2.950046e-06	-3.297884e-05	-6.814808e-05	-1.098654e-04	-1.614161e-04	-2.247785e-04	-3.059238e-04	-4.092592e-04	-5.431985e-04	-7.209697e-04	-9.594644e-04	-1.283867e-03	-1.727039e-03	-2.147684e-03	-3.846465e-04	8.653129e-04	1.636209e-03	2.089212e-03	2.330954e-03	2.432634e-03	2.443514e-03	2.395844e-03	2.310508e-03
1.400000e+02	 4.205693e-08	1.198753e-07	-3.145855e-07	-1.561949e-06	-3.419481e-06	-7.304747e-06	-1.268074e-05	-1.792010e-05	-1.875230e-05	-6.798415e-06	2.390538e-05	6.817505e-05	1.095104e-04	1.335623e-04	1.390166e-04	1.310822e-04	1.157191e-04	9.681821e-05	7.611876e-05	5.406230e-05	3.023646e-05	3.775431e-06	-2.622447e-05	-6.124334e-05	-1.027152e-04	-1.537918e-04	-2.163045e-04	-2.958657e-04	-3.967921e-04	-5.272233e-04	-6.997698e-04	-9.306089e-04	-1.243872e-03	-1.671160e-03	-2.079691e-03	-4.218295e-04	7.628815e-04	1.500284e-03	1.938333e-03	2.177288e-03	2.283583e-03	2.302918e-03	2.265645e-03
1.440000e+02	 -5.919423e-08	-1.967268e-07	-2.948533e-07	-7.228320e-07	-2.472586e-06	-5.324861e-06	-1.012425e-05	-1.686506e-05	-2.404861e-05	-2.749162e-05	-1.874728e-05	8.936111e-06	5.130792e-05	9.273367e-05	1.189146e-04	1.276714e-04	1.234433e-04	1.115280e-04	9.534491e-05	7.647391e-05	5.552777e-05	3.243577e-05	6.595228e-06	-2.289628e-05	-5.749777e-05	-9.839675e-05	-1.485674e-04	-2.098360e-04	-2.876162e-04	-3.860439e-04	-5.128781e-04	-6.802868e-04	-9.037898e-04	-1.206516e-03	-1.619232e-03	-2.015196e-03	-4.526686e-04	6.704367e-04	1.375582e-03	1.799422e-03	2.035405e-03	2.145317e-03	2.171732e-03
1.480000e+02	 -2.263030e-08	7.310418e-08	-1.299514e-07	-6.836077e-07	-1.616413e-06	-3.670012e-06	-7.213635e-06	-1.303029e-05	-2.115539e-05	-2.992230e-05	-3.504654e-05	-2.860395e-05	-4.001951e-06	3.550613e-05	7.576113e-05	1.031564e-04	1.147044e-04	1.136367e-04	1.044477e-04	9.035757e-05	7.314166e-05	5.355943e-05	3.155141e-05	6.523129e-06	-2.223686e-05	-5.598237e-05	-9.597574e-05	-1.450462e-04	-2.048186e-04	-2.807755e-04	-3.766214e-04	-4.999862e-04	-6.624450e-04	-8.794825e-04	-1.171362e-03	-1.569197e-03	-1.954121e-03	-4.796878e-04	5.869420e-04	1.261906e-03	1.672005e-03	1.904303e-03	2.016645e-03
1.520000e+02	 4.265394e-08	-3.288581e-08	-2.020532e-07	-5.540293e-07	-1.156946e-06	-2.445423e-06	-5.058889e-06	-9.378100e-06	-1.591101e-05	-2.448440e-05	-3.398670e-05	-4.065819e-05	-3.692673e-05	-1.579236e-05	2.074120e-05	5.978170e-05	8.767275e-05	1.009302e-04	1.019774e-04	9.496397e-05	8.293143e-05	6.746065e-05	4.925224e-05	2.840187e-05	4.471189e-06	-2.325723e-05	-5.602334e-05	-9.497587e-05	-1.427830e-04	-2.011824e-04	-2.751289e-04	-3.684898e-04	-4.890243e-04	-6.460298e-04	-8.555430e-04	-1.138400e-03	-1.522337e-03	-1.896085e-03	-5.025058e-04	5.115586e-04	1.157818e-03	1.554416e-03	1.782667e-03
1.560000e+02	 -1.371797e-08	-1.758405e-07	-1.789933e-07	-2.501058e-07	-8.232020e-07	-1.841965e-06	-3.614431e-06	-6.558357e-06	-1.083989e-05	-1.737455e-05	-2.647799e-05	-3.714033e-05	-4.559381e-05	-4.418842e-05	-2.591920e-05	7.706201e-06	4.468306e-05	7.222949e-05	8.646758e-05	8.932577e-05	8.427496e-05	7.406932e-05	6.021915e-05	4.350935e-05	2.399261e-05	1.209954e-06	-2.544542e-05	-5.711676e-05	-9.495830e-05	-1.415341e-04	-1.985134e-04	-2.705720e-04	-3.613903e-04	-4.778785e-04	-6.307527e-04	-8.336983e-04	-1.107131e-03	-1.477891e-03	-1.840494e-03	-5.218396e-04	4.430955e-04	1.062291e-03	1.445915e-03
1.600000e+02	 2.472327e-08	1.996045e-07	9.256495e-08	-2.213968e-07	-5.946551e-07	-1.440292e-06	-2.573598e-06	-4.055141e-06	-6.754052e-06	-1.126375e-05	-1.845848e-05	-2.840421e-05	-3.988460e-05	-4.942747e-05	-4.998066e-05	-3.471073e-05	-4.373749e-06	3.032900e-05	5.728967e-05	7.223381e-05	7.646024e-05	7.307494e-05	6.458557e-05	5.236026e-05	3.706253e-05	1.880607e-05	-2.797605e-06	-2.836663e-05	-5.901615e-05	-9.582851e-05	-1.411896e-04	-1.966471e-04	-2.667141e-04	-3.550411e-04	-4.682076e-04	-6.163870e-04	-8.127999e-04	-1.077210e-03	-1.435525e-03	-1.787759e-03	-5.382456e-04	3.810416e-04	9.747522e-04
1.640000e+02	 -2.185240e-08	-1.347960e-07	-8.744714e-08	-1.652982e-07	-5.766450e-07	-8.917972e-07	-1.282194e-06	-2.117682e-06	-3.777939e-06	-7.002500e-06	-1.209125e-05	-1.959216e-05	-2.975683e-05	-4.176967e-05	-5.256889e-05	-5.525347e-05	-4.281107e-05	-1.536703e-05	1.719279e-05	4.328653e-05	5.857818e-05	6.398128e-05	6.209733e-05	5.509957e-05	4.429267e-05	3.032287e-05	1.323884e-05	-7.316540e-06	-3.194368e-05	-6.162141e-05	-9.732618e-05	-1.413636e-04	-1.953260e-04	-2.634759e-04	-3.492302e-04	-4.589800e-04	-6.026141e-04	-7.929661e-04	-1.048981e-03	-1.395387e-03	-1.737379e-03	-5.518553e-04	3.247157e-04
1.680000e+02	 -1.230058e-08	1.335835e-08	-1.833697e-07	-3.108672e-07	-1.997105e-07	-8.946321e-08	-1.371890e-07	-7.179216e-07	-2.057857e-06	-4.193699e-06	-7.549889e-06	-1.261463e-05	-2.025460e-05	-3.091398e-05	-4.376774e-05	-5.564190e-05	-5.991818e-05	-4.981906e-05	-2.509985e-05	5.320917e-06	3.054440e-05	4.604388e-05	5.231539e-05	5.161190e-05	4.591052e-05	3.634149e-05	2.346543e-05	7.362126e-06	-1.227573e-05	-3.591693e-05	-6.454445e-05	-9.916960e-05	-1.419460e-04	-1.943281e-04	-2.604167e-04	-3.436603e-04	-4.502908e-04	-5.897594e-04	-7.742563e-04	-1.022041e-03	-1.357021e-03	-1.689304e-03	-5.631810e-04
1.720000e+02	 4.668529e-09	-6.037183e-09	2.856820e-09	7.450700e-08	3.465963e-07	5.915717e-07	4.353619e-07	-1.092097e-07	-1.061449e-06	-2.411750e-06	-4.413556e-06	-7.800999e-06	-1.320772e-05	-2.134214e-05	-3.241060e-05	-4.562734e-05	-5.817608e-05	-6.381339e-05	-5.579586e-05	-3.343536e-05	-4.954055e-06	1.925243e-05	3.470887e-05	4.159395e-05	4.181617e-05	3.709383e-05	2.846525e-05	1.651322e-05	1.365636e-06	-1.730640e-05	-4.001968e-05	-6.767543e-05	-1.011399e-04	-1.425174e-04	-1.933344e-04	-2.576279e-04	-3.386474e-04	-4.422225e-04	-5.774909e-04	-7.562689e-04	-9.962360e-04	-1.320554e-03	-1.643434e-03
