1.000000000000000000e+00 5.442620146820736693e+00
1.006768659292722301e+00 5.411467519253342573e+00
1.013583133334065689e+00 5.380443058321926486e+00
1.020443732228454081e+00 5.349545619740428748e+00
1.027350768179302598e+00 5.318774331380529574e+00
1.034304555503224865e+00 5.288129068183296866e+00
1.041305410644336904e+00 5.257610213520840681e+00
1.048353652188656726e+00 5.227217998433630441e+00
1.055449600878602956e+00 5.196952086347654820e+00
1.062593579627590046e+00 5.166811745587846616e+00
1.069785913534723631e+00 5.136796302885750620e+00
1.077026929899593810e+00 5.106905320747145538e+00
1.084316958237171002e+00 5.077138362413137429e+00
1.091656330292799515e+00 5.047494774919370819e+00
1.099045380057295240e+00 5.017973927578951887e+00
1.106484443782143501e+00 4.988575739731886394e+00
1.113973859994802362e+00 4.959300852437801943e+00
1.121513969514106090e+00 4.930150086239757812e+00
1.129105115465775633e+00 4.901123623865892398e+00
1.136747643298033461e+00 4.872220723751140348e+00
1.144441900797322997e+00 4.843440228586933571e+00
1.152188238104135731e+00 4.814781283197946848e+00
1.159987007728944697e+00 4.786243531151503916e+00
1.167838564568246529e+00 4.757826764058894931e+00
1.175743265920710989e+00 4.729530640845374556e+00
1.183701471503440850e+00 4.701354859112087503e+00
1.191713543468341907e+00 4.673299423756955839e+00
1.199779846418602025e+00 4.645364477846634976e+00
1.207900747425284305e+00 4.617549822633150391e+00
1.216076616044030834e+00 4.589854805360488399e+00
1.224307824331879679e+00 4.562278832831218267e+00
1.232594746864196456e+00 4.534821881828488443e+00
1.240937760751719576e+00 4.507484294092783728e+00
1.249337245657721862e+00 4.480266066484638543e+00
1.257793583815287164e+00 4.453166528309227878e+00
1.266307160044705116e+00 4.426184766613764587e+00
1.274878361770982682e+00 4.399320174927528804e+00
1.283507579041474500e+00 4.372572468877423901e+00
1.292195204543633125e+00 4.345941401079216782e+00
1.300941633622878735e+00 4.319426790231029045e+00
1.309747264300589853e+00 4.293028782003445620e+00
1.318612497292215746e+00 4.266747694415201408e+00
1.327537736025512505e+00 4.240583413652013078e+00
1.336523386658901247e+00 4.214535158953213845e+00
1.345569858099950888e+00 4.188602042843377227e+00
1.354677562023986148e+00 4.162783696496799912e+00
1.363846912892822338e+00 4.137080139925043198e+00
1.373078327973625168e+00 4.111491230053130330e+00
1.382372227357899552e+00 4.086016562034234134e+00
1.391729033980606989e+00 4.060655810180901604e+00
1.401149173639411494e+00 4.035408784220737566e+00
1.410633075014056104e+00 4.010275151128101179e+00
1.420181169685871492e+00 3.985254492542781524e+00
1.429793892157415147e+00 3.960346708412737726e+00
1.439471679872244225e+00 3.935551961718252389e+00
1.449214973234822290e+00 3.910870060289082684e+00
1.459024215630560617e+00 3.886300244978107443e+00
1.468899853445995385e+00 3.861841768493289084e+00
1.478842336089101206e+00 3.837494355899952581e+00
1.488852116009742099e+00 3.813257949910465072e+00
1.498929648720260799e+00 3.789132400591030070e+00
1.509075392816208172e+00 3.765117593776336147e+00
1.519289809997212304e+00 3.741213457637095008e+00
1.529573365087988579e+00 3.717419609456037666e+00
1.539926526059491874e+00 3.693735389514857470e+00
1.550349764050214185e+00 3.670160418372870215e+00
1.560843553387622817e+00 3.646694695722313639e+00
1.571408371609745780e+00 3.623338039605337624e+00
1.582044699486903738e+00 3.600089914722814477e+00
1.592753021043588069e+00 3.576949892078853388e+00
1.603533823580486350e+00 3.553917802577747143e+00
1.614387597696659071e+00 3.530993464291169559e+00
1.625314837311864435e+00 3.508176710007627541e+00
1.636316039689035051e+00 3.485467493434511788e+00
1.647391705456906941e+00 3.462865514839350567e+00
1.658542338632801538e+00 3.440370051581909561e+00
1.669768446645562010e+00 3.417980529253778599e+00
1.681070540358644116e+00 3.395696843540783494e+00
1.692449134093364504e+00 3.373518923597563113e+00
1.703904745652305541e+00 3.351446514822472356e+00
1.715437896342878910e+00 3.329479411998264915e+00
1.727049111001048187e+00 3.307617376841381684e+00
1.738738918015213519e+00 3.285860008477007099e+00
1.750507849350255274e+00 3.264207044420674109e+00
1.762356440571743343e+00 3.242658333002667703e+00
1.774285230870308538e+00 3.221213389705517294e+00
1.786294763086178961e+00 3.199871595122381507e+00
1.798385583733883575e+00 3.178632711832056756e+00
1.810558243027121872e+00 3.157496705338199483e+00
1.822813294903802506e+00 3.136463451599517782e+00
1.835151297051251129e+00 3.115532813917639032e+00
1.847572810931588538e+00 3.094704473195525107e+00
1.860078401807282011e+00 3.073977865258579634e+00
1.872668638766866955e+00 3.053352640788818295e+00
1.885344094750846189e+00 3.032828650427459305e+00
1.898105346577760866e+00 3.012405516639701020e+00
1.910952974970440366e+00 2.992082839860735977e+00
1.923887564582429599e+00 2.971860436763999580e+00
1.936909704024593504e+00 2.951738114202493435e+00
1.950019985891903840e+00 2.931715697685809641e+00
1.963219006790405397e+00 2.911792983671811719e+00
1.976507367364366718e+00 2.891969472405323316e+00
1.989885672323611798e+00 2.872244723313237103e+00
2.003354530471040285e+00 2.852618618321296040e+00
2.016914554730330433e+00 2.833090947282806749e+00
2.030566362173833017e+00 2.813661372373242209e+00
2.044310574050650420e+00 2.794329575442780822e+00
2.058147815814908910e+00 2.775095165918959772e+00
2.072078717154220762e+00 2.755957900623383416e+00
2.086103912018339113e+00 2.736917615488239530e+00
2.100224038648006442e+00 2.717973921309838836e+00
2.114439739604000223e+00 2.699126542195698253e+00
2.128751661796372652e+00 2.680375367469305381e+00
2.143160456513888867e+00 2.661720138956005677e+00
2.157666779453666805e+00 2.643160520204453690e+00
2.172271290751014217e+00 2.624696041844784666e+00
2.186974655009469970e+00 2.606326271099160152e+00
2.201777541331048305e+00 2.588051074883114921e+00
2.216680623346686030e+00 2.569870235740939979e+00
2.231684579246899336e+00 2.551783455118477040e+00
2.246790091812644441e+00 2.533790529127595725e+00
2.261997848446388737e+00 2.515891187163184384e+00
2.277308541203393322e+00 2.498085172627623862e+00
2.292722866823205585e+00 2.480372108541966103e+00
2.308241526761365847e+00 2.462751596191525394e+00
2.323865227221326712e+00 2.445223473777565992e+00
2.339594679186592696e+00 2.427787466768214220e+00
2.355430598453073010e+00 2.410443214134552203e+00
2.371373705661655062e+00 2.393190377441945849e+00
2.387424726330999558e+00 2.376028673444123829e+00
2.403584390890554978e+00 2.358957958455967230e+00
2.419853434713798990e+00 2.341977929869079045e+00
2.436232598151700568e+00 2.325088329687948541e+00
2.452722626566413489e+00 2.308288949675807444e+00
2.469324270365192753e+00 2.291579442056370652e+00
2.486038285034545048e+00 2.274959419988000331e+00
2.502865431174607913e+00 2.258428484012942938e+00
2.519806474533761609e+00 2.241986445160757846e+00
2.536862186043476353e+00 2.225633074868964112e+00
2.554033341853395811e+00 2.209368048887994540e+00
2.571320723366654626e+00 2.193191124270993608e+00
2.588725117275439747e+00 2.177102029301802411e+00
2.606247315596790237e+00 2.161100525936416439e+00
2.623888115708637336e+00 2.145186279416379627e+00
2.641648320386092319e+00 2.129359091839390761e+00
2.659528737837978163e+00 2.113618645394369278e+00
2.677530181743607685e+00 2.097964535265743447e+00
2.695653471289811254e+00 2.082396403681777475e+00
2.713899431208216306e+00 2.066914023915801479e+00
2.732268891812777767e+00 2.051517185438069824e+00
2.750762689037562492e+00 2.036205593298413774e+00
2.769381664474790838e+00 2.020979030011898381e+00
2.788126665413133143e+00 2.005837205154681335e+00
2.806998544876269097e+00 1.990779822420181366e+00
2.825998161661703811e+00 1.975806596502124313e+00
2.845126380379851661e+00 1.960917301005083546e+00
2.864384071493379480e+00 1.946111554353967765e+00
2.883772111356819323e+00 1.931388989907371956e+00
2.903291382256448117e+00 1.916749332168380615e+00
2.922942772450439097e+00 1.902192347627445379e+00
2.942727176209281481e+00 1.887717776810033277e+00
2.962645493856477241e+00 1.873325401845735039e+00
2.982698631809511003e+00 1.859014948742290230e+00
3.002887502621098825e+00 1.844786097369777389e+00
3.023213025020715428e+00 1.830638603060055214e+00
3.043676123956401192e+00 1.816572204479368624e+00
3.064277730636856045e+00 1.802586539008107946e+00
3.085018782573813567e+00 1.788681262119248050e+00
3.105900223624704637e+00 1.774856090891420157e+00
3.126923004035610631e+00 1.761110741404150248e+00
3.148088080484503948e+00 1.747444997976158820e+00
3.169396416124783844e+00 1.733858627204058145e+00
3.190848980629108045e+00 1.720351324310793739e+00
3.212446750233517001e+00 1.706922828816196613e+00
3.234190707781861018e+00 1.693572912215764559e+00
3.256081842770524926e+00 1.680301255644487624e+00
3.278121151393458721e+00 1.667107536241316801e+00
3.300309636587507534e+00 1.653991424272224897e+00
3.322648308078056889e+00 1.640952598192984002e+00
3.345138182424977735e+00 1.627990818646561255e+00
3.367780283068889435e+00 1.615105837963924706e+00
3.390575640377730959e+00 1.602297367540377548e+00
3.413525291693651820e+00 1.589565180437392256e+00
3.436630281380216978e+00 1.576909028784524880e+00
3.459891660869932384e+00 1.564328638255611637e+00
3.483310488712092479e+00 1.551823726183217067e+00
3.506887830620950997e+00 1.539393949943218987e+00
3.530624759524218614e+00 1.527039004016672141e+00
3.554522355611887896e+00 1.514758607298861692e+00
3.578581706385389527e+00 1.502552440525703359e+00
3.602803906707081616e+00 1.490420248976080941e+00
3.627190058850071175e+00 1.478361797699230484e+00
3.651741272548377104e+00 1.466376846311074900e+00
3.676458665047429353e+00 1.454465150200494827e+00
3.701343361154912692e+00 1.442626409595709758e+00
3.726396493291950218e+00 1.430860361236487854e+00
3.751619201544638571e+00 1.419166720352972533e+00
3.777012633715929546e+00 1.407545146772984257e+00
3.802577945377860758e+00 1.395995332356765317e+00
3.828316299924144239e+00 1.384516976972471669e+00
3.854228868623106319e+00 1.373109839806983201e+00
3.880316830670990758e+00 1.361773671523748064e+00
3.906581373245619382e+00 1.350508208778746777e+00
3.933023691560414647e+00 1.339313223716794843e+00
3.959644988918792130e+00 1.328188450052457670e+00
3.986446476768918945e+00 1.317133616934002216e+00
4.013429374758841206e+00 1.306148416923185840e+00
4.040594910791988070e+00 1.295232546266679607e+00
4.067944321083047043e+00 1.284385705950931156e+00
4.095478850214223421e+00 1.273607573281451133e+00
4.123199751191873652e+00 1.262897894894409845e+00
4.151108285503529061e+00 1.252256421250061313e+00
4.179205723175299703e+00 1.241682925823364370e+00
4.207493342829669025e+00 1.231177138958508221e+00
4.235972431743680211e+00 1.220738817335217608e+00
4.264644285907518650e+00 1.210367701439431842e+00
4.293510210083481660e+00 1.200063494712409806e+00
4.322571517865362090e+00 1.189825893165995518e+00
4.351829531738218293e+00 1.179654588537467186e+00
4.381285583138561535e+00 1.169549288564718514e+00
4.410941012514943083e+00 1.159509699705723929e+00
4.440797169388953414e+00 1.149535589247164147e+00
4.470855412416632646e+00 1.139626716811971807e+00
4.501117109450304632e+00 1.129782838296837788e+00
4.531583637600817838e+00 1.120003694738212152e+00
4.562256383300213436e+00 1.110289041061716553e+00
4.593136742364820613e+00 1.100638590387710058e+00
4.624226120058772871e+00 1.091052045156314376e+00
4.655525931157957764e+00 1.081529103667422609e+00
4.687037600014400951e+00 1.072069463310971305e+00
4.718762560621077462e+00 1.062672837945875637e+00
4.750702256677175939e+00 1.053338981539839070e+00
4.782858141653790973e+00 1.044067657540128202e+00
4.815231678860068421e+00 1.034858621026956138e+00
4.847824341509796575e+00 1.025711630591937817e+00
4.880637612788442325e+00 1.016626431385540652e+00
4.913672985920653602e+00 1.007602750879491582e+00
4.946931964238204138e+00 9.986403051461363312e-01
4.980416061248410742e+00 9.897387945238634854e-01
5.014126800703003539e+00 9.808979090189114958e-01
5.048065716667470504e+00 9.721173728769298972e-01
5.082234353590864728e+00 9.633969275356755180e-01
5.116634266376091311e+00 9.547363297868218801e-01
5.151267020450659651e+00 9.461353513909912527e-01
5.186134191837926899e+00 9.375937502914388766e-01
5.221237367228816595e+00 9.291112690702489907e-01
5.256578144054018686e+00 9.206876562107950690e-01
5.292158130556691376e+00 9.123226309390177757e-01
5.327978945865640803e+00 9.040158944156597709e-01
5.364042220069003442e+00 8.957671522588510626e-01
5.400349594288428534e+00 8.875761159445494375e-01
5.436902720753758800e+00 8.794425218730776983e-01
5.473703262878216513e+00 8.713661347017600534e-01
5.510752895334102064e+00 8.633467189487610272e-01
5.548053304129002328e+00 8.553840405286541326e-01
5.585606186682514185e+00 8.474778539629509444e-01
5.623413251903490284e+00 8.396279028188083915e-01
5.661476220267805282e+00 8.318339237892768967e-01
5.699796823896647879e+00 8.240956266491027415e-01
5.738376806635345773e+00 8.164127144136589243e-01
5.777217924132720839e+00 8.087849041782068094e-01
5.816321943920984339e+00 8.012119260196942649e-01
5.855690645496170355e+00 7.936935395959393569e-01
5.895325820399115457e+00 7.862295163695269817e-01
5.935229272296986380e+00 7.788196231755682986e-01
5.975402817065356587e+00 7.714636221362262125e-01
6.015848282870845942e+00 7.641612625979810058e-01
6.056567510254307507e+00 7.569122890736289522e-01
6.097562352214591641e+00 7.497164223230066149e-01
6.138834674292862559e+00 7.425733708596705673e-01
6.180386354657501968e+00 7.354828509979407514e-01
6.222219284189568711e+00 7.284445915903141611e-01
6.264335366568855257e+00 7.214583496308247801e-01
6.306736518360510857e+00 7.145238956476714920e-01
6.349424669102263330e+00 7.076410044845837799e-01
6.392401761392223491e+00 7.008094419774867356e-01
6.435669750977286441e+00 6.940289638756723667e-01
6.479230606842130591e+00 6.872993243404543762e-01
6.523086311298824214e+00 6.806202515824131272e-01
6.567238860077027063e+00 6.739914660371697508e-01
6.611690262414815500e+00 6.674126807442781750e-01
6.656442541150111580e+00 6.608836281924490574e-01
6.701497732812740082e+00 6.544040598262272912e-01
6.746857887717101043e+00 6.479737468828171698e-01
6.792525070055474679e+00 6.415924697982148261e-01
6.838501357991956020e+00 6.352599982788973421e-01
6.884788843757022825e+00 6.289760977378633378e-01
6.931389633742750078e+00 6.227405244584480748e-01
6.978305848598663097e+00 6.165530232278865208e-01
7.025539623328239003e+00 6.104133173706824955e-01
7.073093107386069889e+00 6.043211287010792354e-01
7.120968464775669027e+00 5.982761859533836102e-01
7.169167874147955644e+00 5.922782411212681453e-01
7.217693528900394284e+00 5.863270635002729714e-01
7.266547637276808302e+00 5.804224367202238666e-01
7.315732422467871920e+00 5.745641387860414007e-01
7.365250122712279968e+00 5.687519390110734596e-01
7.415102991398601517e+00 5.629856023740837934e-01
7.465293297167824527e+00 5.572648821541636988e-01
7.515823324016598583e+00 5.515895132698832581e-01
7.566695371401162440e+00 5.459592218074014180e-01
7.617911754341997188e+00 5.403737392635393766e-01
7.669474803529163331e+00 5.348328152321326634e-01
7.721386865428371493e+00 5.293362194908153295e-01
7.773650302387757449e+00 5.238837368364919200e-01
7.826267492745389021e+00 5.184751531217858256e-01
7.879240830937490614e+00 5.131102435265013639e-01
7.932572727607413832e+00 5.077887798311527812e-01
7.986265609715330172e+00 5.025105247992208701e-01
8.040321920648679566e+00 4.972752243708213338e-01
8.094744120333357884e+00 4.920826119510334218e-01
8.149534685345662055e+00 4.869324220390548463e-01
8.204696109024990136e+00 4.818244040756219926e-01
8.260230901587306107e+00 4.767583274507888325e-01
8.316141590239366721e+00 4.717339783152130206e-01
8.372430719293735280e+00 4.667511485290164464e-01
8.429100850284557467e+00 4.618096210638649168e-01
8.486154562084131214e+00 4.569091734694851192e-01
8.543594451020259939e+00 4.520495776678546962e-01
8.601423130994410471e+00 4.472305907769117406e-01
8.659643233600652579e+00 4.424519549409169916e-01
8.718257408245424500e+00 4.377134093529952974e-01
8.777268322268090728e+00 4.330147043392899575e-01
8.836678661062329354e+00 4.283556093124334940e-01
8.896491128198329434e+00 4.237359112069669087e-01
8.956708445545832120e+00 4.191554068594185445e-01
9.017333353397981810e+00 4.146138875491551801e-01
9.078368610596033506e+00 4.101111368063574680e-01
9.139816994654903937e+00 4.056469347292954164e-01
9.201681301889557574e+00 4.012210495534108134e-01
9.263964347542261280e+00 3.968332332847302468e-01
9.326668965910702269e+00 3.924832316522942621e-01
9.389798010476960499e+00 3.881707970102069027e-01
9.453354354037360352e+00 3.838956993853068766e-01
9.517340888833214052e+00 3.796577265234032383e-01
9.581760526682421286e+00 3.754566793003049630e-01
9.646616199111990753e+00 3.712923572018752560e-01
9.711910857491437454e+00 3.671645507464983416e-01
9.777647473167087711e+00 3.630730475086970110e-01
9.843829037597304321e+00 3.590176264767950265e-01
9.910458562488608791e+00 3.549980506502400934e-01
9.977539079932736144e+00 3.510140736739831291e-01
1.004507364254462409e+01 3.470654514805722179e-01
1.011306532360131527e+01 3.431519552559409991e-01
1.018151721718181690e+01 3.392733738441558455e-01
1.025043243830790907e+01 3.354295110840802008e-01
1.031981412308588375e+01 3.316201738082193984e-01
1.038966542884927691e+01 3.278451604060268476e-01
1.045998953430253486e+01 3.241042652075808994e-01
1.053078963966567017e+01 3.203972769310000634e-01
1.060206896681989797e+01 3.167239699826347454e-01
1.067383075945424764e+01 3.130841065852089655e-01
1.074607828321317449e+01 3.094774476019297449e-01
1.081881482584516796e+01 3.059037657371203589e-01
1.089204369735236710e+01 3.023628509717711244e-01
1.096576823014119029e+01 2.988545089525294074e-01
1.103999177917397567e+01 2.953785525326838579e-01
1.111471772212165909e+01 2.919347882611202372e-01
1.118994945951748576e+01 2.885230166234221683e-01
1.126569041491174161e+01 2.851430347250863973e-01
1.134194403502756821e+01 2.817946279454463521e-01
1.141871378991779551e+01 2.784775675612901069e-01
1.149600317312286002e+01 2.751916204800040622e-01
1.157381570182978336e+01 2.719365613003409399e-01
1.165215491703223094e+01 2.687121810304737846e-01
1.173102438369164169e+01 2.655182863890248601e-01
1.181042769089946809e+01 2.623546947162089804e-01
1.189036845204050152e+01 2.592212203587245245e-01
1.197085030495729896e+01 2.561176699570723025e-01
1.205187691211573586e+01 2.530438477266365727e-01
1.213345196077167465e+01 2.499995491352444699e-01
1.221557916313875403e+01 2.469845551037228026e-01
1.229826225655731875e+01 2.439986394053267893e-01
1.238150500366450224e+01 2.410415793925900774e-01
1.246531119256544606e+01 2.381131670626224217e-01
1.254968463700567938e+01 2.352132101055574853e-01
1.263462917654468320e+01 2.323415290021059731e-01
1.272014867673060401e+01 2.294979451410782412e-01
1.280624702927616809e+01 2.266822719511812911e-01
1.289292815223577726e+01 2.238943200161096214e-01
1.298019599018380887e+01 2.211338940718442780e-01
1.306805451439412558e+01 2.184007853954483824e-01
1.315650772302078231e+01 2.156947755210724960e-01
1.324555964127998031e+01 2.130156461170651661e-01
1.333521432163323972e+01 2.103631908789587446e-01
1.342547584397180671e+01 2.077372190688817899e-01
1.351634831580232721e+01 2.051375538165180756e-01
1.360783587243375514e+01 2.025640231759767984e-01
1.369994267716554504e+01 2.000164486929829344e-01
1.379267292147710577e+01 1.974946475889906017e-01
1.388603082521854226e+01 1.949984337679901980e-01
1.398002063680268670e+01 1.925276099481060266e-01
1.407464663339843369e+01 1.900819671529078991e-01
1.416991312112536860e+01 1.876612938791824003e-01
1.426582443524974408e+01 1.852653873513892546e-01
1.436238494038174274e+01 1.828940600346509737e-01
1.445959903067411467e+01 1.805471386079707807e-01
1.455747113002212600e+01 1.782244583281225869e-01
1.465600569226488936e+01 1.759258507143272032e-01
1.475520720138803021e+01 1.736511413837619477e-01
1.485508017172774942e+01 1.714001542375473697e-01
1.495562914817625000e+01 1.691727048247718135e-01
1.505685870638856372e+01 1.669685962462167661e-01
1.515877345299076850e+01 1.647876267782508453e-01
1.526137802578962877e+01 1.626295998339024607e-01
1.536467709398363901e+01 1.604943330312199601e-01
1.546867535837550989e+01 1.583816583080395746e-01
1.557337755158608417e+01 1.562914187083996598e-01
1.567878843826970225e+01 1.542234569855897575e-01
1.578491281533102431e+01 1.521776092005917846e-01
1.589175551214332849e+01 1.501537099032828060e-01
1.599932139076826942e+01 1.481515880470133106e-01
1.610761534617714474e+01 1.461710606084061226e-01
1.621664230647364491e+01 1.442119373733712073e-01
1.632640723311811470e+01 1.422740298891280175e-01
1.643691512115332998e+01 1.403571618224627171e-01
1.654817099943181091e+01 1.384611709914166378e-01
1.666017993084467719e+01 1.365859074932101458e-01
1.677294701255201659e+01 1.347312245465874803e-01
1.688647737621486655e+01 1.328969691165665656e-01
1.700077618822873049e+01 1.310829854009308848e-01
1.711584864995867861e+01 1.292891142170226049e-01
1.723169999797605101e+01 1.275151858194022714e-01
1.734833550429675597e+01 1.257610209391226974e-01
1.746576047662118114e+01 1.240264391174338426e-01
1.758398025857572478e+01 1.223112689638251316e-01
1.770300022995598255e+01 1.206153526626499717e-01
1.782282580697154017e+01 1.189385447574509286e-01
1.794346244249247135e+01 1.172807059513948091e-01
1.806491562629746284e+01 1.156416922663165425e-01
1.818719088532364481e+01 1.140213549650961611e-01
1.831029378391810880e+01 1.124195433413889139e-01
1.843422992409110250e+01 1.108360980785042943e-01
1.855900494577098314e+01 1.092708487445672727e-01
1.868462452706085841e+01 1.077236211945107464e-01
1.881109438449697535e+01 1.061942467599603923e-01
1.893842027330888200e+01 1.046825693397711726e-01
1.906660798768129439e+01 1.031884448933552828e-01
1.919566336101780735e+01 1.017117378668327271e-01
1.932559226620633197e+01 1.002523105652009805e-01
1.945640061588635561e+01 9.881001908518198540e-02
1.958809436271800308e+01 9.738471800894987762e-02
1.972067949965293820e+01 9.597625566666896646e-02
1.985416206020706298e+01 9.458446909582375606e-02
1.998854811873509973e+01 9.320918947760131745e-02
2.012384379070700646e+01 9.185025028920178192e-02
2.026005523298626798e+01 9.050749611658241711e-02
2.039718864411009136e+01 8.918078360484155143e-02
2.053525026457145941e+01 8.786997949680749875e-02
2.067424637710313107e+01 8.657495165250148061e-02
2.081418330696354246e+01 8.529556182717402957e-02
2.095506742222464780e+01 8.403166994089467101e-02
2.109690513406171419e+01 8.278313225016188659e-02
2.123970289704506342e+01 8.154979512265375652e-02
2.138346720943381030e+01 8.033149744900189293e-02
2.152820461347156922e+01 7.912807820148363980e-02
2.167392169568417160e+01 7.793938568750247153e-02
2.182062508717940474e+01 7.676528052464280660e-02
2.196832146394875096e+01 7.560563447523424574e-02
2.211701754717122270e+01 7.446032395802827664e-02
2.226672010351918729e+01 7.332922096503587117e-02
2.241743594546631968e+01 7.221219471098615228e-02
2.256917193159760870e+01 7.110911308239707684e-02
2.272193496692146653e+01 7.001983640375374074e-02
2.287573200318395550e+01 6.894421647827685129e-02
2.303057003918513246e+01 6.788210354342813502e-02
2.318645612109755660e+01 6.683335476680911380e-02
2.334339734278692546e+01 6.579783953074341829e-02
2.350140084613489222e+01 6.477543864700606446e-02
2.366047382136407506e+01 6.376604041817535151e-02
2.382062350736526568e+01 6.276953103220127284e-02
2.398185719202683686e+01 6.178579257506004729e-02
2.414418221256639185e+01 6.081470682478266193e-02
2.430760595586465911e+01 5.985615015910066006e-02
2.447213585880165709e+01 5.890998981363772952e-02
2.463777940859510096e+01 5.797608944533702569e-02
2.480454414314113265e+01 5.705431648741821071e-02
2.497243765135734961e+01 5.614454924801737939e-02
2.514146757352813921e+01 5.524667697683625228e-02
2.531164160165237931e+01 5.436059763224191516e-02
2.548296747979346222e+01 5.348620918834068316e-02
2.565545300443170973e+01 5.262340431956571279e-02
2.582910602481915774e+01 5.177207469913654159e-02
2.600393444333676385e+01 5.093210811544698208e-02
2.617994621585399884e+01 5.010338311950143786e-02
2.635714935209091081e+01 4.928577223159677501e-02
2.653555191598261231e+01 4.847914856171856024e-02
2.671516202604624723e+01 4.768339373979996187e-02
2.689598785575043038e+01 4.689839954524053361e-02
2.707803763388720242e+01 4.612406661744363617e-02
2.726131964494650006e+01 4.536029775136448533e-02
2.744584222949314523e+01 4.460699046312941590e-02
2.763161378454639561e+01 4.386403973948613949e-02
2.781864276396208169e+01 4.313133813337458738e-02
2.800693767881729812e+01 4.240877007781983926e-02
2.819650709779772413e+01 4.169621221135905859e-02
2.838735964758754449e+01 4.099353965790811238e-02
2.857950401326204215e+01 4.030063377129781965e-02
2.877294893868280568e+01 3.961738584168054966e-02
2.896770322689564736e+01 3.894369628672651046e-02
2.916377574053120014e+01 3.827947043891971601e-02
2.936117540220821809e+01 3.762461025611818499e-02
2.955991119493962671e+01 3.697901420341536544e-02
2.975999216254130175e+01 3.634258008128219558e-02
2.996142741004363330e+01 3.571520004724623026e-02
3.016422610410585392e+01 3.509675830514743383e-02
3.036839747343318763e+01 3.448713664515139915e-02
3.057395080919683039e+01 3.388622126711175048e-02
3.078089546545673727e+01 3.329390843003907779e-02
3.098924085958731922e+01 3.271010414982249148e-02
3.119899647270597853e+01 3.213472189143495861e-02
3.141017185010457169e+01 3.156767461377388284e-02
3.162277660168378901e+01 3.100887144160602640e-02
3.183682040239046174e+01 3.045822170904818882e-02
3.205231299265783207e+01 2.991563155389406065e-02
3.226926417884883591e+01 2.938099966507609628e-02
3.248768383370231305e+01 2.885422104782531597e-02
3.270758189678232952e+01 2.833519290434474008e-02
3.292896837493046291e+01 2.782382128980464761e-02
3.315185334272120343e+01 2.732002179337091746e-02
3.337624694292038185e+01 2.682371816803214015e-02
3.360215938694678073e+01 2.633483568226321556e-02
3.382960095533677247e+01 2.585329530821085103e-02
3.405858199821220467e+01 2.537901703909780163e-02
3.428911293575135488e+01 2.491191880670059339e-02
3.452120425866313269e+01 2.445191140394937374e-02
3.475486652866450044e+01 2.399889975494996427e-02
3.499011037896107013e+01 2.355278833909368874e-02
3.522694651473101146e+01 2.311348796605514067e-02
3.546538571361217862e+01 2.268091804601021430e-02
3.570543882619260501e+01 2.225500571628124744e-02
3.594711677650424519e+01 2.183568128632325245e-02
3.619043056252010615e+01 2.142287122461407692e-02
3.643539125665473222e+01 2.101649934454711405e-02
3.668201000626806518e+01 2.061648844917447418e-02
3.693029803417272916e+01 2.022275557200682930e-02
3.718026663914474028e+01 1.983521084238855370e-02
3.743192719643768385e+01 1.945376261550719327e-02
3.768529115830035892e+01 1.907832368783343030e-02
3.794037005449794009e+01 1.870881550546120431e-02
3.819717549283664226e+01 1.834516767449612118e-02
3.845571915969198074e+01 1.798731548875723632e-02
3.871601282054055559e+01 1.763519285756335805e-02
3.897806832049546699e+01 1.728873073093561627e-02
3.924189758484535417e+01 1.694786053868559128e-02
3.950751261959707961e+01 1.661251055324966877e-02
3.977492551202205817e+01 1.628260274213688338e-02
4.004414843120635226e+01 1.595805672391526278e-02
4.031519362860439060e+01 1.563879500363804867e-02
4.058807343859654537e+01 1.532474832779813848e-02
4.086280027905040413e+01 1.501585569022816265e-02
4.113938665188585730e+01 1.471206284463227008e-02
4.141784514364404401e+01 1.441331590077125392e-02
4.169818842606010634e+01 1.411955702985353243e-02
4.198042925663985159e+01 1.383072784703728332e-02
4.226458047924027994e+01 1.354676741982950745e-02
4.255065502465410532e+01 1.326760786133995493e-02
4.283866591119815581e+01 1.299317623909486581e-02
4.312862624530581712e+01 1.272339918735840639e-02
4.342054922212345502e+01 1.245820866712642021e-02
4.371444812611088793e+01 1.219754318758506026e-02
4.401033633164592374e+01 1.194134698088956947e-02
4.430822730363295392e+01 1.168956540455835282e-02
4.460813459811574688e+01 1.144213939147672651e-02
4.491007186289429853e+01 1.119900772499859108e-02
4.521405283814590348e+01 1.096010778707058771e-02
4.552009135705046106e+01 1.072537145126970827e-02
4.582820134641993803e+01 1.049472520034009163e-02
4.613839682733213721e+01 1.026809492728726972e-02
4.645069191576877188e+01 1.004541176332849131e-02
4.676510082325782491e+01 9.826615215085852256e-03
4.708163785752027053e+01 9.611652827708342881e-03
4.740031742312116592e+01 9.400477645443858915e-03
4.772115402212516244e+01 9.193042187429908627e-03
4.804416225475645774e+01 8.989298294533903944e-03
4.836935682006318160e+01 8.789199642722279188e-03
4.869675251658630799e+01 8.592697910565541206e-03
4.902636424303310037e+01 8.399740400626420217e-03
4.935820699895509733e+01 8.210273535419650159e-03
4.969229588543069553e+01 8.024247113163577444e-03
5.002864610575232263e+01 7.841617961156722300e-03
5.036727296611834248e+01 7.662349062507310682e-03
5.070819187632955050e+01 7.486407488709710331e-03
5.105141835049041532e+01 7.313758028964877436e-03
5.139696800771512386e+01 7.144359974864527944e-03
5.174485657283830164e+01 6.978169957638894610e-03
5.209509987713062884e+01 6.815139255790421402e-03
5.244771385901927374e+01 6.655210163170224673e-03
5.280271456481316505e+01 6.498318449614502203e-03
5.316011814943325930e+01 6.344397618318097995e-03
5.351994087714763992e+01 6.193384160637790091e-03
5.388219912231169673e+01 6.045218689412285712e-03
5.424690937011325076e+01 5.899845935196384658e-03
5.461408821732273822e+01 5.757211140418277626e-03
5.498375237304848184e+01 5.617256791426447973e-03
5.535591865949706403e+01 5.479926383428816022e-03
5.573060401273885134e+01 5.345165153596068836e-03
5.610782548347871312e+01 5.212917273074174455e-03
5.648760023783190576e+01 5.083127331401402632e-03
5.686994555810529306e+01 4.955744785910915981e-03
5.725487884358378210e+01 4.830729102870285827e-03
5.764241761132210229e+01 4.708051478274973001e-03
5.803257949694196327e+01 4.587693875968295622e-03
5.842538225543459163e+01 4.469645305531992456e-03
5.882084376196869613e+01 4.353895544703422112e-03
5.921898201270391837e+01 4.240434537277784285e-03
5.961981512560976881e+01 4.129252331851521879e-03
6.002336134129011924e+01 4.020333718180818701e-03
6.042963902381327301e+01 3.913655144863937077e-03
6.083866666154766989e+01 3.809186454538798089e-03
6.125046286800318995e+01 3.706893512473161297e-03
6.166504638267824845e+01 3.606740039067179819e-03
6.208243607191252522e+01 3.508686400263359359e-03
6.250265092974552061e+01 3.412687836426435677e-03
6.292571007878092360e+01 3.318689716789464256e-03
6.335163277105682056e+01 3.226627176997941184e-03
6.378043838892177320e+01 3.136429474364459645e-03
6.421214644591685783e+01 3.048019440400303801e-03
6.464677658766366619e+01 2.961313281402659127e-03
6.508434859275830320e+01 2.876225831655559572e-03
6.552488237367145985e+01 2.792676755235822244e-03
6.596839797765454705e+01 2.710596985371594228e-03
6.641491558765201830e+01 2.629931015688858481e-03
6.686445552321974617e+01 2.550637897664267267e-03
6.731703824144980786e+01 2.472688114075193098e-03
6.777268433790135305e+01 2.396060954230488666e-03
6.823141454753782398e+01 2.320747020127838373e-03
6.869324974567061304e+01 2.246746129549447545e-03
6.915821094890894472e+01 2.174062328178256748e-03
6.962631931611633718e+01 2.102702727909238224e-03
7.009759614937343031e+01 2.032677899112953889e-03
7.057206289494737916e+01 1.964002878804801348e-03
7.104974114426785547e+01 1.896694972635987360e-03
7.153065263490952930e+01 1.830770313557010011e-03
7.201481925158131503e+01 1.766238290834076709e-03
7.250226302712225390e+01 1.703095493373771915e-03
7.299300614350418925e+01 1.641326097888649469e-03
7.348707093284116354e+01 1.580902350148043938e-03
7.398447987840567919e+01 1.521782087199343835e-03
7.448525561565188013e+01 1.463910079743128024e-03
7.498942093324556879e+01 1.407223916016469255e-03
7.549699877410125737e+01 1.351661555620840231e-03
7.600801223642622517e+01 1.297168194705668924e-03
7.652248457477166710e+01 1.243701471110458855e-03
7.704043920109090493e+01 1.191236168717807551e-03
7.756189968580478933e+01 1.139766742509805766e-03
7.808688975887430672e+01 1.089314305117192660e-03
7.861543331088050479e+01 1.039936111528879216e-03
7.914755439411159443e+01 9.917300891207703542e-04
7.968327722365755506e+01 9.448396610942915580e-04
8.022262617851203004e+01 8.994620613734515295e-04
8.076562580268181080e+01 8.558559017325628434e-04
8.131230080630368207e+01 8.143469454129207731e-04
8.186267606676891262e+01 7.753285407331175034e-04
8.241677662985536301e+01 7.392589144966649336e-04
8.297462771086726718e+01 7.066523372067974205e-04
8.353625469578260265e+01 6.780688923815167586e-04
8.410168314240843301e+01 6.541052690356373954e-04
8.467093878154389586e+01 6.353777966531181601e-04
8.524404751815112036e+01 6.225007942626978276e-04
8.582103543253413136e+01 6.160658342258783227e-04
8.640192878152561207e+01 6.166194563243404016e-04
8.698675399968182376e+01 6.246396869068524373e-04
8.757553770048552622e+01 6.405086908276323232e-04
8.816830667755706941e+01 6.644849345996088749e-04
8.876508790587372744e+01 6.966744306344075733e-04
8.936590854299713271e+01 7.370047984464752570e-04
8.997079593030926503e+01 7.852087356283868943e-04
9.057977759425659769e+01 8.408111372960529011e-04
9.119288124760268488e+01 9.031201041080904072e-04
9.181013479068940342e+01 9.712284891363373151e-04
9.243156631270649370e+01 1.044025931422272501e-03
9.305720409296988294e+01 1.120219914375150021e-03
9.368707660220853484e+01 1.198363069815832835e-03
9.432121250386006750e+01 1.276886512108126384e-03
9.495964065537515353e+01 1.354138465152684122e-03
9.560239010953074512e+01 1.428426397068150496e-03
9.624949011575209568e+01 1.498066980436195926e-03
9.690097012144387634e+01 1.561438668886126237e-03
9.755685977333020276e+01 1.617029946158343810e-03
9.821718891880377100e+01 1.663486367462781602e-03
9.888198760728410264e+01 1.699656256184522724e-03
9.955128609158499842e+01 1.724630009732981565e-03
1.002251148292912717e+02 1.737770355689701243e-03
1.009035044841447331e+02 1.738730226696196934e-03
1.015864859274395968e+02 1.727459282869989567e-03
1.022740902394273661e+02 1.704196497480020773e-03
1.029663487107311965e+02 1.669453973081543724e-03
1.036632928437697814e+02 1.623993481569818752e-03
1.043649543541909708e+02 1.568789822117513943e-03
1.050713651723150122e+02 1.504986386025211620e-03
1.057825574445876384e+02 1.433849073375434262e-03
1.064985635350428765e+02 1.356717991417997300e-03
1.072194160267759315e+02 1.274959481519005646e-03
1.079451477234258476e+02 1.189918071200904426e-03
1.086757916506683017e+02 1.102873076637638601e-03
1.094113810577185575e+02 1.014999954697252829e-03
1.101519494188444810e+02 9.273409474772284240e-04
1.108975304348898305e+02 8.407896952397396831e-04
1.116481580348079063e+02 7.560832059419364147e-04
1.124038663772055457e+02 6.738015239744181298e-04
1.131646898518975490e+02 5.943787493798544010e-04
1.139306630814716499e+02 5.181221809546039322e-04
1.147018209228640728e+02 4.452366796509022394e-04
1.154781984689458056e+02 3.758492035447964005e-04
1.162598310501194732e+02 3.100322539750235366e-04
1.170467542359271960e+02 2.478233932504528606e-04
1.178390038366692067e+02 1.892395355826795604e-04
1.186366159050334232e+02 1.342897165169311294e-04
1.194396267377361625e+02 8.298156180210417010e-05
1.202480728771738399e+02 3.531893429531338645e-05
1.210619911130858810e+02 -8.703641233828576047e-06
1.218814184842289450e+02 -4.910759901194766518e-05
1.227063922800624169e+02 -8.593828967646181631e-05
1.235369500424452980e+02 -1.192735335705700052e-04
1.243731295673446766e+02 -1.492316885347766604e-04
1.252149689065556544e+02 -1.759764581270408846e-04
1.260625063694329526e+02 -1.997188590981557746e-04
1.269157805246343003e+02 -2.207112217953418666e-04
1.277748302018754742e+02 -2.392342929047524885e-04
1.286396944936974194e+02 -2.555838569135649363e-04
1.295104127572451773e+02 -2.700547171795679435e-04
1.303870246160587953e+02 -2.829213468153181062e-04
1.312695699618767264e+02 -2.944200729030668198e-04
1.321580889564508539e+02 -3.047348884140613115e-04
1.330526220333743481e+02 -3.139907418352886129e-04
1.339532098999216316e+02 -3.222532283270159240e-04
1.348598935389007352e+02 -3.295368331450002661e-04
1.357727142105183873e+02 -3.358178536632878183e-04
1.366917134542575525e+02 -3.410483747444099196e-04
1.376169330907678443e+02 -3.451754795827362363e-04
1.385484152237686430e+02 -3.481615859376651842e-04
1.394862022419649463e+02 -3.499997983568576003e-04
1.404303368209765779e+02 -3.507241690261189595e-04
1.413808619252800440e+02 -3.504134720473865250e-04
1.423378208101636915e+02 -3.491901234653314737e-04
1.433012570236962517e+02 -3.472127632850391323e-04
1.442712144087084880e+02 -3.446646038331788306e-04
1.452477371047883423e+02 -3.417380852149958263e-04
1.462308695502895830e+02 -3.386143631293185466e-04
1.472206564843540093e+02 -3.354449128999617427e-04
1.482171429489475258e+02 -3.323387683706824033e-04
1.492203742909096889e+02 -3.293534716466247530e-04
1.502303961640173782e+02 -3.264912789220488572e-04
1.512472545310623104e+02 -3.237021894036849951e-04
1.522709956659427348e+02 -3.208946629795620992e-04
1.533016661557691123e+02 -3.179523800013626597e-04
1.543393129029841759e+02 -3.147544279553679634e-04
1.553839831274973733e+02 -3.111970344977564671e-04
1.564357243688335188e+02 -3.072100760717178620e-04
1.574945844882963684e+02 -3.027679112293733799e-04
1.585606116711465461e+02 -2.978965026002007382e-04
1.596338544287941943e+02 -2.926724350180292004e-04
1.607143616010067433e+02 -2.872124792998063470e-04
1.618021823581313470e+02 -2.816571321247377359e-04
1.628973662033324956e+02 -2.761506539890533048e-04
1.639999629748446637e+02 -2.708219083529244276e-04
1.651100228482404759e+02 -2.657674167149350519e-04
1.662275963387138233e+02 -2.610409242003959357e-04
1.673527343033787815e+02 -2.566480153928777817e-04
1.684854879435838484e+02 -2.525456174529783020e-04
1.696259088072420411e+02 -2.486511415077943756e-04
1.707740487911766820e+02 -2.448577484979808441e-04
1.719299601434829015e+02 -2.410510037120876508e-04
1.730936954659054834e+02 -2.371264825630417918e-04
1.742653077162324280e+02 -2.330054117040775369e-04
1.754448502107050558e+02 -2.286476682618685387e-04
1.766323766264440280e+02 -2.240583181191003592e-04
1.778279410038922492e+02 -2.192879159790220181e-04
1.790315977492739421e+02 -2.144251217556492582e-04
1.802434016370704910e+02 -2.095805089385315186e-04
1.814634078125131396e+02 -2.048687712073498572e-04
1.826916717940924002e+02 -2.003921283632502609e-04
1.839282494760844600e+02 -1.962245389253730479e-04
1.851731971310949234e+02 -1.923997988313969987e-04
1.864265714126194382e+02 -1.889054206990576029e-04
1.876884293576218283e+02 -1.856845523810901480e-04
1.889588283891297635e+02 -1.826451275819324289e-04
1.902378263188477945e+02 -1.796755135753072444e-04
1.915254813497881798e+02 -1.766646004490037654e-04
1.928218520789195622e+02 -1.735198414136296515e-04
1.941269974998334646e+02 -1.701822352431235153e-04
1.954409770054290050e+02 -1.666372782491741327e-04
1.967638503906155734e+02 -1.629170877767812308e-04
1.980956778550338413e+02 -1.590931934477680205e-04
1.994365200057954723e+02 -1.552630950193253283e-04
2.007864378602409090e+02 -1.515334895621810510e-04
2.021454928487162590e+02 -1.480032997937236856e-04
2.035137468173686557e+02 -1.447477814905494123e-04
2.048912620309608030e+02 -1.418071739707643143e-04
2.062781011757042791e+02 -1.391790191676552460e-04
2.076743273621123365e+02 -1.368161278135921204e-04
2.090800041278717742e+02 -1.346347664180636830e-04
2.104951954407343351e+02 -1.325297974348254931e-04
2.119199657014276852e+02 -1.303922392547079317e-04
2.133543797465860621e+02 -1.281272921180775723e-04
2.147985028517008175e+02 -1.256689248830505207e-04
2.162524007340908554e+02 -1.229899371406301773e-04
2.177161395558931645e+02 -1.201049281947901129e-04
2.191897859270738138e+02 -1.170677550505454115e-04
2.206734069084589294e+02 -1.139625908982245877e-04
2.221670700147865887e+02 -1.108883743702375550e-04
2.236708432177790939e+02 -1.079427184811320155e-04
2.251847949492361636e+02 -1.052068247525053132e-04
2.267089941041490988e+02 -1.027317661624937485e-04
2.282435100438358972e+02 -1.005299436209660459e-04
2.297884125990976827e+02 -9.857331222269057915e-05
2.313437720733965079e+02 -9.679994845487319892e-05
2.329096592460545310e+02 -9.512648539509775626e-05
2.344861453754751608e+02 -9.346456089564523552e-05
2.360733022023855199e+02 -9.173779347902790468e-05
2.376712019531013595e+02 -8.989383397754812743e-05
2.392799173428137181e+02 -8.791211195305692681e-05
2.408995215788980033e+02 -8.580684382611930138e-05
2.425300883642453869e+02 -8.362254331966147126e-05
2.441716919006168212e+02 -8.142316191684818437e-05
2.458244068920196810e+02 -7.927789585211772840e-05
2.474883085481073408e+02 -7.724719521879740006e-05
2.491634725876016319e+02 -7.537161477668433357e-05
2.508499752417386901e+02 -7.366490369315817897e-05
2.525478932577378544e+02 -7.211297915473350694e-05
2.542573039022943249e+02 -7.067631068946319628e-05
2.559782849650951277e+02 -6.929633806020424217e-05
2.577109147623592662e+02 -6.790760653409141044e-05
2.594552721404015188e+02 -6.645168476945987658e-05
2.612114364792204242e+02 -6.488913120766451976e-05
2.629794876961108798e+02 -6.320785964482656164e-05
2.647595062493005571e+02 -6.142534123851169287e-05
2.665515731416114704e+02 -5.958469530142676269e-05
2.683557699241462160e+02 -5.774465467303335596e-05
2.701721786999989376e+02 -5.596763009787084000e-05
2.720008821279917584e+02 -5.430765782853731624e-05
2.738419634264360525e+02 -5.280021778204442188e-05
2.756955063769197523e+02 -5.145819967580006531e-05
2.775615953281197221e+02 -5.027223164266527724e-05
2.794403151996402244e+02 -4.921280398710736753e-05
2.813317514858775894e+02 -4.823497331621978896e-05
2.832359902599103521e+02 -4.728510807100337116e-05
2.851531181774165020e+02 -4.631052550273907038e-05
2.870832224806168256e+02 -4.527008084915461986e-05
2.890263910022449636e+02 -4.414472647896594272e-05
2.909827121695442997e+02 -4.294416165300141044e-05
2.929522750082923039e+02 -4.170453387430148962e-05
2.949351691468513081e+02 -4.047896267366529218e-05
2.969314848202478174e+02 -3.932352000394126994e-05
2.989413128742782533e+02 -3.828193743141418653e-05
3.009647447696433460e+02 -3.737489698612830272e-05
3.030018725861102098e+02 -3.659743852661745975e-05
3.050527890267024986e+02 -3.592500781761110698e-05
3.071175874219189836e+02 -3.532342331560495477e-05
3.091963617339808366e+02 -3.475668641962443905e-05
3.112892065611075054e+02 -3.418976309587008376e-05
3.133962171418215235e+02 -3.358699150677312164e-05
3.155174893592825356e+02 -3.291361107189942902e-05
3.176531197456507130e+02 -3.214522131446106561e-05
3.198032054864793849e+02 -3.128030341157427219e-05
3.219678444251378551e+02 -3.034769822750952803e-05
3.241471350672638323e+02 -2.940228324271672677e-05
3.263411765852462167e+02 -2.850655880305019994e-05
3.285500688227378987e+02 -2.770549095529854737e-05
3.307739122991995373e+02 -2.700808562288578509e-05
3.330128082144736368e+02 -2.638873488487570944e-05
3.352668584533901139e+02 -2.580617412904621073e-05
3.375361655904025042e+02 -2.522658103460361138e-05
3.398208328942558865e+02 -2.463732132437596262e-05
3.421209643326862420e+02 -2.404297878010209428e-05
3.444366645771518165e+02 -2.344847828924932453e-05
3.467680390075962578e+02 -2.284493832373881412e-05
3.491151937172441535e+02 -2.221100409630682505e-05
3.514782355174289705e+02 -2.153164084910477467e-05
3.538572719424536785e+02 -2.081945309574847992e-05
3.562524112544844002e+02 -2.012046650722936514e-05
3.586637624484768025e+02 -1.949563546101706766e-05
3.610914352571364816e+02 -1.898779014873253524e-05
3.635355401559121447e+02 -1.859773689343709668e-05
3.659961883680232972e+02 -1.828474558136626181e-05
3.684734918695215242e+02 -1.798959571772015177e-05
3.709675633943860475e+02 -1.766553135240424299e-05
3.734785164396540154e+02 -1.729721570743210081e-05
3.760064652705854655e+02 -1.689765025786064677e-05
3.785515249258629069e+02 -1.648835999905700513e-05
3.811138112228265982e+02 -1.608056632679736279e-05
3.836934407627448422e+02 -1.567129370620463049e-05
3.862905309361202058e+02 -1.525312432027870586e-05
3.889051999280316636e+02 -1.482795770555135021e-05
3.915375667235126116e+02 -1.441309057984342452e-05
3.941877511129656000e+02 -1.403416876735507803e-05
3.968558736976137311e+02 -1.371111672246421831e-05
3.995420558949885503e+02 -1.344728681106085646e-05
4.022464199444555675e+02 -1.322773041021164684e-05
4.049690889127769537e+02 -1.302552412655958015e-05
4.077101866997117554e+02 -1.281062270740736620e-05
4.104698380436543061e+02 -1.255832338850560268e-05
4.132481685273107814e+02 -1.225579021577166334e-05
4.160453045834136674e+02 -1.190674450607524633e-05
4.188613735004756791e+02 -1.153329596847936555e-05
4.216965034285821616e+02 -1.117059944181681359e-05
4.245508233852225999e+02 -1.085269088675311187e-05
4.274244632611619181e+02 -1.059539668465936481e-05
4.303175538263514568e+02 -1.038723382291680594e-05
4.332302267358797394e+02 -1.019697280658745693e-05
4.361626145359638258e+02 -9.993650251392115037e-06
4.391148506699807399e+02 -9.765966260431612598e-06
4.420870694845405637e+02 -9.525556346777775879e-06
4.450794062355994924e+02 -9.291671003701618850e-06
4.480919970946154649e+02 -9.072173478944963373e-06
4.511249791547444374e+02 -8.855238536988190530e-06
4.541784904370794038e+02 -8.617360484627822602e-06
4.572526698969309678e+02 -8.342990098293999918e-06
4.603476574301509459e+02 -8.040101094415610534e-06
4.634635938794985464e+02 -7.739232581123785265e-06
4.666006210410495214e+02 -7.475875802331366876e-06
4.697588816706490888e+02 -7.269284008504074834e-06
4.729385194904079981e+02 -7.113165867475158263e-06
4.761396791952431045e+02 -6.983137135076796908e-06
4.793625064594618834e+02 -6.852630417036569750e-06
4.826071479433913964e+02 -6.704077627629195717e-06
4.858737513000527315e+02 -6.530608308576187235e-06
4.891624651818797247e+02 -6.333315152179891063e-06
4.924734392474840092e+02 -6.120002877468666734e-06
4.958068241684654822e+02 -5.905319125927569525e-06
4.991627716362685305e+02 -5.706931992117316978e-06
5.025414343690854366e+02 -5.538377224249000325e-06
5.059429661188057707e+02 -5.403906563691426463e-06
5.093675216780133610e+02 -5.295592376978849952e-06
5.128152568870302730e+02 -5.195625781548720747e-06
5.162863286410084811e+02 -5.087681384805778874e-06
5.197808948970699703e+02 -4.970627120918753361e-06
5.232991146814945296e+02 -4.860051593178681932e-06
5.268411480969568856e+02 -4.771804593328084479e-06
5.304071563298118690e+02 -4.703277789683488818e-06
5.339973016574301710e+02 -4.634620300810655431e-06
5.376117474555824174e+02 -4.547011128908992103e-06
5.412506582058742879e+02 -4.435784758581931045e-06
5.449141995032316572e+02 -4.308950545071765945e-06
5.486025380634355315e+02 -4.181427045291333656e-06
5.523158417307097352e+02 -4.070533832676425416e-06
5.560542794853581654e+02 -3.986109245921486526e-06
5.598180214514547970e+02 -3.920628484112246883e-06
5.636072389045856426e+02 -3.856483692262149894e-06
5.674221042796427810e+02 -3.783969814915869285e-06
5.712627911786712502e+02 -3.704413067715521048e-06
5.751294743787692596e+02 -3.615083271231745994e-06
5.790223298400417207e+02 -3.504927031267135989e-06
5.829415347136073251e+02 -3.371955948588978370e-06
5.868872673496604193e+02 -3.233261752655528735e-06
5.908597073055871078e+02 -3.109917035013158374e-06
5.948590353541362674e+02 -3.009073128362220990e-06
5.988854334916459266e+02 -2.926561774715349074e-06
6.029390849463252380e+02 -2.855959415808660350e-06
6.070201741865927261e+02 -2.786608259781442237e-06
6.111288869294708093e+02 -2.704831098757942307e-06
6.152654101490370522e+02 -2.608191592758126108e-06
6.194299320849330570e+02 -2.512369018407885673e-06
6.236226422509300846e+02 -2.433554681675632988e-06
6.278437314435540202e+02 -2.369193756958257605e-06
6.320933917507668411e+02 -2.305563361851637388e-06
6.363718165607091350e+02 -2.238872695916618416e-06
6.406792005704994608e+02 -2.176862626646267950e-06
6.450157397950948734e+02 -2.124198006110479456e-06
6.493816315762111344e+02 -2.078463555822911272e-06
6.537770745913027213e+02 -2.037755406016060607e-06
6.582022688626040008e+02 -2.003622508392206837e-06
6.626574157662319067e+02 -1.976731355718529140e-06
6.671427180413493261e+02 -1.955759513097197843e-06
6.716583797993920371e+02 -1.938194652843419088e-06
6.762046065333560136e+02 -1.918942713249857988e-06
6.807816051271497599e+02 -1.890305588684467499e-06
6.853895838650081487e+02 -1.845988090606016268e-06
6.900287524409711750e+02 -1.786593766623391488e-06
6.946993219684263750e+02 -1.721216845807615998e-06
6.994015049897159315e+02 -1.662046688444233721e-06
7.041355154858085825e+02 -1.616538934457555650e-06
7.089015688860374667e+02 -1.581765793830900087e-06
7.136998820779034531e+02 -1.546186215467718661e-06
7.185306734169448646e+02 -1.502556351527304454e-06
7.233941627366746161e+02 -1.455929142681516938e-06
7.282905713585832927e+02 -1.411139747891973343e-06
7.332201221022116897e+02 -1.362389764464422451e-06
7.381830392952898592e+02 -1.304845447832510133e-06
7.431795487839460748e+02 -1.244913223920816862e-06
7.482098779429837805e+02 -1.193322222428425461e-06
7.532742556862292531e+02 -1.154378868080847933e-06
7.583729124769483860e+02 -1.124091280899410805e-06
7.635060803383344137e+02 -1.099693638092375968e-06
7.686739928640664630e+02 -1.081878885848133801e-06
7.738768852289399547e+02 -1.064011392223651139e-06
7.791149941995678319e+02 -1.038540595586100923e-06
7.843885581451561393e+02 -1.012071028078150813e-06
7.896978170483504300e+02 -9.936441210024593229e-07
7.950430125161573187e+02 -9.812121789810997826e-07
8.004243877909389084e+02 -9.684704087542878559e-07
8.058421877614816822e+02 -9.504161222450338974e-07
8.112966589741411099e+02 -9.278833925951025223e-07
8.167880496440610614e+02 -9.067447542318791522e-07
8.223166096664689348e+02 -8.868388508156123953e-07
8.278825906280478648e+02 -8.641786350078508554e-07
8.334862458183855551e+02 -8.386065945089719297e-07
8.391278302415004191e+02 -8.102914221704415661e-07
8.448076006274466181e+02 -7.831334950878001773e-07
8.505258154439960663e+02 -7.629729883697017127e-07
8.562827349084013804e+02 -7.446494893148933789e-07
8.620786209992368185e+02 -7.212033197627113949e-07
8.679137374683206190e+02 -6.960730490144744773e-07
8.737883498527170332e+02 -6.718267234467022260e-07
8.797027254868202135e+02 -6.473153625224619518e-07
8.856571335145198418e+02 -6.244942152140172663e-07
8.916518449014487260e+02 -6.065039379300036615e-07
8.976871324473139566e+02 -5.950068334299988484e-07
9.037632707983108276e+02 -5.868881716343177938e-07
9.098805364596209984e+02 -5.762386871028024088e-07
9.160392078079956946e+02 -5.637782681620917721e-07
9.222395651044232636e+02 -5.544807816682234452e-07
9.284818905068835875e+02 -5.451145144299449294e-07
9.347664680831875330e+02 -5.295300670209147084e-07
9.410935838239040550e+02 -5.094463985332330838e-07
9.474635256553751788e+02 -4.898049761165091733e-07
9.538765834528179539e+02 -4.739351179871776083e-07
9.603330490535162198e+02 -4.622601486699414584e-07
9.668332162701007064e+02 -4.533937880206223292e-07
9.733773809039199705e+02 -4.433775402611105722e-07
9.799658407585011446e+02 -4.307057900485325508e-07
9.865988956531016356e+02 -4.193888081028161572e-07
9.932768474363537052e+02 -4.101306034669943017e-07
9.999999999999997726e+02 -4.001267060436745399e-07
