1.000000000000000000e+00 1.886590474089815395e+00
1.006768659292722301e+00 1.879633522020219161e+00
1.013583133334065689e+00 1.872689069888766822e+00
1.020443732228454081e+00 1.865758000272778494e+00
1.027350768179302598e+00 1.858840907378866758e+00
1.034304555503224865e+00 1.851937633731728372e+00
1.041305410644336904e+00 1.845047522629849501e+00
1.048353652188656726e+00 1.838170082424042340e+00
1.055449600878602956e+00 1.831305393428907857e+00
1.062593579627590046e+00 1.824453924779619651e+00
1.069785913534723631e+00 1.817616077725368706e+00
1.077026929899593810e+00 1.810792012182885768e+00
1.084316958237171002e+00 1.803981884697861693e+00
1.091656330292799515e+00 1.797186062757554659e+00
1.099045380057295240e+00 1.790404883632152222e+00
1.106484443782143501e+00 1.783638132543594379e+00
1.113973859994802362e+00 1.776884884868169756e+00
1.121513969514106090e+00 1.770144058209053073e+00
1.129105115465775633e+00 1.763415224396439163e+00
1.136747643298033461e+00 1.756698878590156720e+00
1.144441900797322997e+00 1.749995916301712473e+00
1.152188238104135731e+00 1.743306915091965115e+00
1.159987007728944697e+00 1.736631947482560445e+00
1.167838564568246529e+00 1.729970938728629726e+00
1.175743265920710989e+00 1.723323947027971759e+00
1.183701471503440850e+00 1.716690990557472318e+00
1.191713543468341907e+00 1.710071782741201085e+00
1.199779846418602025e+00 1.703465906678437669e+00
1.207900747425284305e+00 1.696873292904605535e+00
1.216076616044030834e+00 1.690294322386495240e+00
1.224307824331879679e+00 1.683729308355686349e+00
1.232594746864196456e+00 1.677177993148695423e+00
1.240937760751719576e+00 1.670639763973821079e+00
1.249337245657721862e+00 1.664114362860706908e+00
1.257793583815287164e+00 1.657602197702864988e+00
1.266307160044705116e+00 1.651103906946664868e+00
1.274878361770982682e+00 1.644619812291185035e+00
1.283507579041474500e+00 1.638149910563542200e+00
1.292195204543633125e+00 1.631694162380475710e+00
1.300941633622878735e+00 1.625252463311293027e+00
1.309747264300589853e+00 1.618824387065457726e+00
1.318612497292215746e+00 1.612409346076920214e+00
1.327537736025512505e+00 1.606007193034944880e+00
1.336523386658901247e+00 1.599618443492814013e+00
1.345569858099950888e+00 1.593243706976623431e+00
1.354677562023986148e+00 1.586883066844674062e+00
1.363846912892822338e+00 1.580536220713907536e+00
1.373078327973625168e+00 1.574203034444459970e+00
1.382372227357899552e+00 1.567883635325839853e+00
1.391729033980606989e+00 1.561578069207139041e+00
1.401149173639411494e+00 1.555286247317155368e+00
1.410633075014056104e+00 1.549008224356297259e+00
1.420181169685871492e+00 1.542744137829449524e+00
1.429793892157415147e+00 1.536493806843033383e+00
1.439471679872244225e+00 1.530256794497956152e+00
1.449214973234822290e+00 1.524033025256337659e+00
1.459024215630560617e+00 1.517822985938025226e+00
1.468899853445995385e+00 1.511627140637711086e+00
1.478842336089101206e+00 1.505445476410514516e+00
1.488852116009742099e+00 1.499277765891671388e+00
1.498929648720260799e+00 1.493123878097080581e+00
1.509075392816208172e+00 1.486983648898583033e+00
1.519289809997212304e+00 1.480856875964412733e+00
1.529573365087988579e+00 1.474743669310219385e+00
1.539926526059491874e+00 1.468644410267029965e+00
1.550349764050214185e+00 1.462559194195959034e+00
1.560843553387622817e+00 1.456487739830755856e+00
1.571408371609745780e+00 1.450429952316152127e+00
1.582044699486903738e+00 1.444386088039251392e+00
1.592753021043588069e+00 1.438356292219568955e+00
1.603533823580486350e+00 1.432340450190032088e+00
1.614387597696659071e+00 1.426338462645768690e+00
1.625314837311864435e+00 1.420350217323723241e+00
1.636316039689035051e+00 1.414375484725594712e+00
1.647391705456906941e+00 1.408414291664745521e+00
1.658542338632801538e+00 1.402467082638414908e+00
1.669768446645562010e+00 1.396534145329042298e+00
1.681070540358644116e+00 1.390615296536549250e+00
1.692449134093364504e+00 1.384710324492163469e+00
1.703904745652305541e+00 1.378819203350325262e+00
1.715437896342878910e+00 1.372941858607829912e+00
1.727049111001048187e+00 1.367078250453331867e+00
1.738738918015213519e+00 1.361228500621121551e+00
1.750507849350255274e+00 1.355392590866593139e+00
1.762356440571743343e+00 1.349570394288232000e+00
1.774285230870308538e+00 1.343762116482836166e+00
1.786294763086178961e+00 1.337968091447665264e+00
1.798385583733883575e+00 1.332188267961091244e+00
1.810558243027121872e+00 1.326422395710090907e+00
1.822813294903802506e+00 1.320670318097239671e+00
1.835151297051251129e+00 1.314931894121120992e+00
1.847572810931588538e+00 1.309207166687651691e+00
1.860078401807282011e+00 1.303496419978239063e+00
1.872668638766866955e+00 1.297799719067675772e+00
1.885344094750846189e+00 1.292116930530141206e+00
1.898105346577760866e+00 1.286448149811708852e+00
1.910952974970440366e+00 1.280793491472664636e+00
1.923887564582429599e+00 1.275152853863900537e+00
1.936909704024593504e+00 1.269526147416782047e+00
1.950019985891903840e+00 1.263913265612212955e+00
1.963219006790405397e+00 1.258314133341845942e+00
1.976507367364366718e+00 1.252728970289830768e+00
1.989885672323611798e+00 1.247157932152974658e+00
2.003354530471040285e+00 1.241600852582265713e+00
2.016914554730330433e+00 1.236057660372516853e+00
2.030566362173833017e+00 1.230528411702466185e+00
2.044310574050650420e+00 1.225013142252628251e+00
2.058147815814908910e+00 1.219511958635026927e+00
2.072078717154220762e+00 1.214024818960959262e+00
2.086103912018339113e+00 1.208551604556915571e+00
2.100224038648006442e+00 1.203092421975761273e+00
2.114439739604000223e+00 1.197647262714774508e+00
2.128751661796372652e+00 1.192215955468991062e+00
2.143160456513888867e+00 1.186798478558187986e+00
2.157666779453666805e+00 1.181394888069783766e+00
2.172271290751014217e+00 1.176005370728271826e+00
2.186974655009469970e+00 1.170630072551263501e+00
2.201777541331048305e+00 1.165268840132996697e+00
2.216680623346686030e+00 1.159921607350265838e+00
2.231684579246899336e+00 1.154588389106182778e+00
2.246790091812644441e+00 1.149269106477078584e+00
2.261997848446388737e+00 1.143963748242222245e+00
2.277308541203393322e+00 1.138672289441024832e+00
2.292722866823205585e+00 1.133394825141969653e+00
2.308241526761365847e+00 1.128131469325840852e+00
2.323865227221326712e+00 1.122882099327433991e+00
2.339594679186592696e+00 1.117646707114358540e+00
2.355430598453073010e+00 1.112425369959298527e+00
2.371373705661655062e+00 1.107218141373100373e+00
2.387424726330999558e+00 1.102025018785528498e+00
2.403584390890554978e+00 1.096845861876208694e+00
2.419853434713798990e+00 1.091680690688323629e+00
2.436232598151700568e+00 1.086529480116721569e+00
2.452722626566413489e+00 1.081392156827576612e+00
2.469324270365192753e+00 1.076268787012368833e+00
2.486038285034545048e+00 1.071159474162821645e+00
2.502865431174607913e+00 1.066064331932070841e+00
2.519806474533761609e+00 1.060983263156347611e+00
2.536862186043476353e+00 1.055916212540363164e+00
2.554033341853395811e+00 1.050863220072833393e+00
2.571320723366654626e+00 1.045824244650917612e+00
2.588725117275439747e+00 1.040799274365061589e+00
2.606247315596790237e+00 1.035788264405303805e+00
2.623888115708637336e+00 1.030791266464975209e+00
2.641648320386092319e+00 1.025808195549788415e+00
2.659528737837978163e+00 1.020839087685611046e+00
2.677530181743607685e+00 1.015884063765704948e+00
2.695653471289811254e+00 1.010943195755747759e+00
2.713899431208216306e+00 1.006016424173476143e+00
2.732268891812777767e+00 1.001103675313267827e+00
2.750762689037562492e+00 9.962049600907261215e-01
2.769381664474790838e+00 9.913202126940536818e-01
2.788126665413133143e+00 9.864494408629858047e-01
2.806998544876269097e+00 9.815926579666943708e-01
2.825998161661703811e+00 9.767498660442918146e-01
2.845126380379851661e+00 9.719210090164315252e-01
2.864384071493379480e+00 9.671061856872292806e-01
2.883772111356819323e+00 9.623054776530921561e-01
2.903291382256448117e+00 9.575188747568896819e-01
2.922942772450439097e+00 9.527463255659547325e-01
2.942727176209281481e+00 9.479878054163350942e-01
2.962645493856477241e+00 9.432432488479211008e-01
2.982698631809511003e+00 9.385126475715237504e-01
3.002887502621098825e+00 9.337960388142829693e-01
3.023213025020715428e+00 9.290933843784712209e-01
3.043676123956401192e+00 9.244046635394784772e-01
3.064277730636856045e+00 9.197299562649392524e-01
3.085018782573813567e+00 9.150693226943947822e-01
3.105900223624704637e+00 9.104227609624859774e-01
3.126923004035610631e+00 9.057902701446748361e-01
3.148088080484503948e+00 9.011717817686853982e-01
3.169396416124783844e+00 8.965672464952020304e-01
3.190848980629108045e+00 8.919766865544472845e-01
3.212446750233517001e+00 8.874000796581560380e-01
3.234190707781861018e+00 8.828373725837490582e-01
3.256081842770524926e+00 8.782886026270082525e-01
3.278121151393458721e+00 8.737538101435756710e-01
3.300309636587507534e+00 8.692330415775849639e-01
3.322648308078056889e+00 8.647263341806026293e-01
3.345138182424977735e+00 8.602336430860043626e-01
3.367780283068889435e+00 8.557549327954501184e-01
3.390575640377730959e+00 8.512902088720109006e-01
3.413525291693651820e+00 8.468394156891626556e-01
3.436630281380216978e+00 8.424025196429442142e-01
3.459891660869932384e+00 8.379795138607066818e-01
3.483310488712092479e+00 8.335703999763430794e-01
3.506887830620950997e+00 8.291752389089734887e-01
3.530624759524218614e+00 8.247940534399980095e-01
3.554522355611887896e+00 8.204268419345526198e-01
3.578581706385389527e+00 8.160736404725174031e-01
3.602803906707081616e+00 8.117344204047369782e-01
3.627190058850071175e+00 8.074091342607687682e-01
3.651741272548377104e+00 8.030977408152265573e-01
3.676458665047429353e+00 7.988002039791332054e-01
3.701343361154912692e+00 7.945165429369624999e-01
3.726396493291950218e+00 7.902467402228801063e-01
3.751619201544638571e+00 7.859908002564497398e-01
3.777012633715929546e+00 7.817487820464336101e-01
3.802577945377860758e+00 7.775207116922904227e-01
3.828316299924144239e+00 7.733066068304061957e-01
3.854228868623106319e+00 7.691064259698323635e-01
3.880316830670990758e+00 7.649201370837004355e-01
3.906581373245619382e+00 7.607477224799640281e-01
3.933023691560414647e+00 7.565891297776398128e-01
3.959644988918792130e+00 7.524443457333066521e-01
3.986446476768918945e+00 7.483133618315951363e-01
4.013429374758841206e+00 7.441962060333592310e-01
4.040594910791988070e+00 7.400929019185211732e-01
4.067944321083047043e+00 7.360034680823140940e-01
4.095478850214223421e+00 7.319279460161476347e-01
4.123199751191873652e+00 7.278663077594451636e-01
4.151108285503529061e+00 7.238185221819033455e-01
4.179205723175299703e+00 7.197845360043663154e-01
4.207493342829669025e+00 7.157643397825144138e-01
4.235972431743680211e+00 7.117578980232517338e-01
4.264644285907518650e+00 7.077651922047720756e-01
4.293510210083481660e+00 7.037862406961490347e-01
4.322571517865362090e+00 6.998210689356559877e-01
4.351829531738218293e+00 6.958697059563268006e-01
4.381285583138561535e+00 6.919321644788526404e-01
4.410941012514943083e+00 6.880084581026949531e-01
4.440797169388953414e+00 6.840985399821595259e-01
4.470855412416632646e+00 6.802023718636014404e-01
4.501117109450304632e+00 6.763199199480207646e-01
4.531583637600817838e+00 6.724511657966379952e-01
4.562256383300213436e+00 6.685960776071656619e-01
4.593136742364820613e+00 6.647546656725836778e-01
4.624226120058772871e+00 6.609269505462574967e-01
4.655525931157957764e+00 6.571129565209608003e-01
4.687037600014400951e+00 6.533127082507835803e-01
4.718762560621077462e+00 6.495262135760687672e-01
4.750702256677175939e+00 6.457534404420619545e-01
4.782858141653790973e+00 6.419943481581494860e-01
4.815231678860068421e+00 6.382489050826752885e-01
4.847824341509796575e+00 6.345170767630965436e-01
4.880637612788442325e+00 6.307988427498608663e-01
4.913672985920653602e+00 6.270942005164478195e-01
4.946931964238204138e+00 6.234031588422105363e-01
4.980416061248410742e+00 6.197257419502872899e-01
5.014126800703003539e+00 6.160619837236102070e-01
5.048065716667470504e+00 6.124118834516228960e-01
5.082234353590864728e+00 6.087754234563327316e-01
5.116634266376091311e+00 6.051525711962992826e-01
5.151267020450659651e+00 6.015432799896467397e-01
5.186134191837926899e+00 5.979475178235721389e-01
5.221237367228816595e+00 5.943652684771223438e-01
5.256578144054018686e+00 5.907965102352998876e-01
5.292158130556691376e+00 5.872412508297590872e-01
5.327978945865640803e+00 5.836995156566051612e-01
5.364042220069003442e+00 5.801713251859583753e-01
5.400349594288428534e+00 5.766566936653030329e-01
5.436902720753758800e+00 5.731556103422685844e-01
5.473703262878216513e+00 5.696680367465238870e-01
5.510752895334102064e+00 5.661939353437435152e-01
5.548053304129002328e+00 5.627332679607071064e-01
5.585606186682514185e+00 5.592860085031284845e-01
5.623413251903490284e+00 5.558521422107093324e-01
5.661476220267805282e+00 5.524316614562525540e-01
5.699796823896647879e+00 5.490245854219346633e-01
5.738376806635345773e+00 5.456309395366579773e-01
5.777217924132720839e+00 5.422507347804071953e-01
5.816321943920984339e+00 5.388839690473036237e-01
5.855690645496170355e+00 5.355306109733766196e-01
5.895325820399115457e+00 5.321906181973770078e-01
5.935229272296986380e+00 5.288639537779626920e-01
5.975402817065356587e+00 5.255505862021275787e-01
6.015848282870845942e+00 5.222504972231578613e-01
6.056567510254307507e+00 5.189636737546232670e-01
6.097562352214591641e+00 5.156901265137138202e-01
6.138834674292862559e+00 5.124298780719193092e-01
6.180386354657501968e+00 5.091829428211011033e-01
6.222219284189568711e+00 5.059493224276785384e-01
6.264335366568855257e+00 5.027289906589011981e-01
6.306736518360510857e+00 4.995219084478104699e-01
6.349424669102263330e+00 4.963280332381436177e-01
6.392401761392223491e+00 4.931473322830359773e-01
6.435669750977286441e+00 4.899797834355661963e-01
6.479230606842130591e+00 4.868253666028292681e-01
6.523086311298824214e+00 4.836840877875884792e-01
6.567238860077027063e+00 4.805559605427708325e-01
6.611690262414815500e+00 4.774410054648079993e-01
6.656442541150111580e+00 4.743392234315723655e-01
6.701497732812740082e+00 4.712505965723859380e-01
6.746857887717101043e+00 4.681750877529477495e-01
6.792525070055474679e+00 4.651126515403707362e-01
6.838501357991956020e+00 4.620632540206065508e-01
6.884788843757022825e+00 4.590268662200843175e-01
6.931389633742750078e+00 4.560034687757222871e-01
6.978305848598663097e+00 4.529930541219724938e-01
7.025539623328239003e+00 4.499956360738195937e-01
7.073093107386069889e+00 4.470112296402242169e-01
7.120968464775669027e+00 4.440398426568015200e-01
7.169167874147955644e+00 4.410814597641852797e-01
7.217693528900394284e+00 4.381360487969521156e-01
7.266547637276808302e+00 4.352035640555339535e-01
7.315732422467871920e+00 4.322839663620349770e-01
7.365250122712279968e+00 4.293772259074782882e-01
7.415102991398601517e+00 4.264833177802617725e-01
7.465293297167824527e+00 4.236022291630612280e-01
7.515823324016598583e+00 4.207339656743770973e-01
7.566695371401162440e+00 4.178785415343829746e-01
7.617911754341997188e+00 4.150359653033579566e-01
7.669474803529163331e+00 4.122062274351876443e-01
7.721386865428371493e+00 4.093892986045585269e-01
7.773650302387757449e+00 4.065851352133797447e-01
7.826267492745389021e+00 4.037936935287950724e-01
7.879240830937490614e+00 4.010149412539750768e-01
7.932572727607413832e+00 3.982488500987160229e-01
7.986265609715330172e+00 3.954954012843580613e-01
8.040321920648679566e+00 3.927545930676414332e-01
8.094744120333357884e+00 3.900264361306738925e-01
8.149534685345662055e+00 3.873109398338974718e-01
8.204696109024990136e+00 3.846080985393712792e-01
8.260230901587306107e+00 3.819178869758306782e-01
8.316141590239366721e+00 3.792402637935868848e-01
8.372430719293735280e+00 3.765751828499280807e-01
8.429100850284557467e+00 3.739226077346218258e-01
8.486154562084131214e+00 3.712825081226730495e-01
8.543594451020259939e+00 3.686548598805588495e-01
8.601423130994410471e+00 3.660396540263233800e-01
8.659643233600652579e+00 3.634368965680760399e-01
8.718257408245424500e+00 3.608465962911263092e-01
8.777268322268090728e+00 3.582687507617990375e-01
8.836678661062329354e+00 3.557033386975011480e-01
8.896491128198329434e+00 3.531503219020121764e-01
8.956708445545832120e+00 3.506096531645991887e-01
9.017333353397981810e+00 3.480812917426394648e-01
9.078368610596033506e+00 3.455652053699921900e-01
9.139816994654903937e+00 3.430613658272831379e-01
9.201681301889557574e+00 3.405697572236976445e-01
9.263964347542261280e+00 3.380903800449744923e-01
9.326668965910702269e+00 3.356232409604165134e-01
9.389798010476960499e+00 3.331683399239833143e-01
9.453354354037360352e+00 3.307256593861649385e-01
9.517340888833214052e+00 3.282951646131651025e-01
9.581760526682421286e+00 3.258768085833031458e-01
9.646616199111990753e+00 3.234705466215011538e-01
9.711910857491437454e+00 3.210763438191101549e-01
9.777647473167087711e+00 3.186941688758999636e-01
9.843829037597304321e+00 3.163239996389090591e-01
9.910458562488608791e+00 3.139658302265361245e-01
9.977539079932736144e+00 3.116196641182952254e-01
1.004507364254462409e+01 3.092855024364660754e-01
1.011306532360131527e+01 3.069633311655097785e-01
1.018151721718181690e+01 3.046531190936277445e-01
1.025043243830790907e+01 3.023548207982599267e-01
1.031981412308588375e+01 3.000683888329228610e-01
1.038966542884927691e+01 2.977937850625996807e-01
1.045998953430253486e+01 2.955309761253727130e-01
1.053078963966567017e+01 2.932799348978105680e-01
1.060206896681989797e+01 2.910406489764544857e-01
1.067383075945424764e+01 2.888131182535811914e-01
1.074607828321317449e+01 2.865973439479615470e-01
1.081881482584516796e+01 2.843933155125505929e-01
1.089204369735236710e+01 2.822010055089183567e-01
1.096576823014119029e+01 2.800203715449445796e-01
1.103999177917397567e+01 2.778513649681306763e-01
1.111471772212165909e+01 2.756939443553296787e-01
1.118994945951748576e+01 2.735480751053224746e-01
1.126569041491174161e+01 2.714137266618576461e-01
1.134194403502756821e+01 2.692908807057162179e-01
1.141871378991779551e+01 2.671795332353899544e-01
1.149600317312286002e+01 2.650796846360158887e-01
1.157381570182978336e+01 2.629913276498638264e-01
1.165215491703223094e+01 2.609144389150001575e-01
1.173102438369164169e+01 2.588489799891762755e-01
1.181042769089946809e+01 2.567949027017876751e-01
1.189036845204050152e+01 2.547521628336985589e-01
1.197085030495729896e+01 2.527207246726670409e-01
1.205187691211573586e+01 2.507005556202104302e-01
1.213345196077167465e+01 2.486916324098339126e-01
1.221557916313875403e+01 2.466939466380136392e-01
1.229826225655731875e+01 2.447074971289714407e-01
1.238150500366450224e+01 2.427322791662974988e-01
1.246531119256544606e+01 2.407682736194033946e-01
1.254968463700567938e+01 2.388154462095204988e-01
1.263462917654468320e+01 2.368737506918001945e-01
1.272014867673060401e+01 2.349431408757793049e-01
1.280624702927616809e+01 2.330235793749850237e-01
1.289292815223577726e+01 2.311150323606935009e-01
1.298019599018380887e+01 2.292174724869312785e-01
1.306805451439412558e+01 2.273308862833525457e-01
1.315650772302078231e+01 2.254552701808760218e-01
1.324555964127998031e+01 2.235906205292183813e-01
1.333521432163323972e+01 2.217369218290856647e-01
1.342547584397180671e+01 2.198941434834139619e-01
1.351634831580232721e+01 2.180622417849505945e-01
1.360783587243375514e+01 2.162411690516125307e-01
1.369994267716554504e+01 2.144308850072428052e-01
1.379267292147710577e+01 2.126313544537499489e-01
1.388603082521854226e+01 2.108425461908720877e-01
1.398002063680268670e+01 2.090644407292188423e-01
1.407464663339843369e+01 2.072970305361925558e-01
1.416991312112536860e+01 2.055403107136016816e-01
1.426582443524974408e+01 2.037942678030697508e-01
1.436238494038174274e+01 2.020588735262053015e-01
1.445959903067411467e+01 2.003340861037851417e-01
1.455747113002212600e+01 1.986198561197451695e-01
1.465600569226488936e+01 1.969161388653162537e-01
1.475520720138803021e+01 1.952228963614124069e-01
1.485508017172774942e+01 1.935400930891803817e-01
1.495562914817625000e+01 1.918677025264701186e-01
1.505685870638856372e+01 1.902057109995524964e-01
1.515877345299076850e+01 1.885541098690808048e-01
1.526137802578962877e+01 1.869128855650203647e-01
1.536467709398363901e+01 1.852820107192813814e-01
1.546867535837550989e+01 1.836614443398867369e-01
1.557337755158608417e+01 1.820511352719823839e-01
1.567878843826970225e+01 1.804510336966365924e-01
1.578491281533102431e+01 1.788610974135780851e-01
1.589175551214332849e+01 1.772812865584439124e-01
1.599932139076826942e+01 1.757115676221957801e-01
1.610761534617714474e+01 1.741519196240061129e-01
1.621664230647364491e+01 1.726023291087983857e-01
1.632640723311811470e+01 1.710627811294967160e-01
1.643691512115332998e+01 1.695332490282686899e-01
1.654817099943181091e+01 1.680136926750980808e-01
1.666017993084467719e+01 1.665040605937473106e-01
1.677294701255201659e+01 1.650042992725358482e-01
1.688647737621486655e+01 1.635143624656192896e-01
1.700077618822873049e+01 1.620342075846562258e-01
1.711584864995867861e+01 1.605637962518913220e-01
1.723169999797605101e+01 1.591031013232912517e-01
1.734833550429675597e+01 1.576521056159098100e-01
1.746576047662118114e+01 1.562107934523694897e-01
1.758398025857572478e+01 1.547791404768651957e-01
1.770300022995598255e+01 1.533571093831850307e-01
1.782282580697154017e+01 1.519446513809629418e-01
1.794346244249247135e+01 1.505417125782242127e-01
1.806491562629746284e+01 1.491482448088137236e-01
1.818719088532364481e+01 1.477642055739132321e-01
1.831029378391810880e+01 1.463895551789958782e-01
1.843422992409110250e+01 1.450242632627702921e-01
1.855900494577098314e+01 1.436683110683445730e-01
1.868462452706085841e+01 1.423216838760674730e-01
1.881109438449697535e+01 1.409843618230295637e-01
1.893842027330888200e+01 1.396563129988680207e-01
1.906660798768129439e+01 1.383374941964303773e-01
1.919566336101780735e+01 1.370278546845260514e-01
1.932559226620633197e+01 1.357273468868874511e-01
1.945640061588635561e+01 1.344359303199786360e-01
1.958809436271800308e+01 1.331535668075836676e-01
1.972067949965293820e+01 1.318802251430740147e-01
1.985416206020706298e+01 1.306158859219753998e-01
1.998854811873509973e+01 1.293605359136524857e-01
2.012384379070700646e+01 1.281141598634539802e-01
2.026005523298626798e+01 1.268767318158933732e-01
2.039718864411009136e+01 1.256482144005344470e-01
2.053525026457145941e+01 1.244285610055768515e-01
2.067424637710313107e+01 1.232177248683528348e-01
2.081418330696354246e+01 1.220156662055489893e-01
2.095506742222464780e+01 1.208223478405856532e-01
2.109690513406171419e+01 1.196377369806162355e-01
2.123970289704506342e+01 1.184618112835432169e-01
2.138346720943381030e+01 1.172945562465078778e-01
2.152820461347156922e+01 1.161359575611849437e-01
2.167392169568417160e+01 1.149859919518926854e-01
2.182062508717940474e+01 1.138446244241040073e-01
2.196832146394875096e+01 1.127118096548716808e-01
2.211701754717122270e+01 1.115874986382106859e-01
2.226672010351918729e+01 1.104716477389303814e-01
2.241743594546631968e+01 1.093642169370928341e-01
2.256917193159760870e+01 1.082651683351292943e-01
2.272193496692146653e+01 1.071744722915208975e-01
2.287573200318395550e+01 1.060921081863076820e-01
2.303057003918513246e+01 1.050180573492470182e-01
2.318645612109755660e+01 1.039522946093507372e-01
2.334339734278692546e+01 1.028947832059837059e-01
2.350140084613489222e+01 1.018454758030866991e-01
2.366047382136407506e+01 1.008043186102690059e-01
2.382062350736526568e+01 9.977126102255842732e-02
2.398185719202683686e+01 9.874625750240863253e-02
2.414418221256639185e+01 9.772926372888282587e-02
2.430760595586465911e+01 9.672024162899947597e-02
2.447213585880165709e+01 9.571916293878912629e-02
2.463777940859510096e+01 9.472600349183978030e-02
2.480454414314113265e+01 9.374073585339222359e-02
2.497243765135734961e+01 9.276332236647033547e-02
2.514146757352813921e+01 9.179371529992716439e-02
2.531164160165237931e+01 9.083185926496568918e-02
2.548296747979346222e+01 8.987769998548350570e-02
2.565545300443170973e+01 8.893118951585586573e-02
2.582910602481915774e+01 8.799228185708493633e-02
2.600393444333676385e+01 8.706093579030858842e-02
2.617994621585399884e+01 8.613712006846827030e-02
2.635714935209091081e+01 8.522081003109090169e-02
2.653555191598261231e+01 8.431198091456434951e-02
2.671516202604624723e+01 8.341060000726525925e-02
2.689598785575043038e+01 8.251662520765341846e-02
2.707803763388720242e+01 8.163000649029929223e-02
2.726131964494650006e+01 8.075069271601809096e-02
2.744584222949314523e+01 7.987863899868123674e-02
2.763161378454639561e+01 7.901380384808404100e-02
2.781864276396208169e+01 7.815614902230269556e-02
2.800693767881729812e+01 7.730564509125879835e-02
2.819650709779772413e+01 7.646227092282847915e-02
2.838735964758754449e+01 7.562600729533730526e-02
2.857950401326204215e+01 7.479682919285536580e-02
2.877294893868280568e+01 7.397470226394410597e-02
2.896770322689564736e+01 7.315958381171740188e-02
2.916377574053120014e+01 7.235142714266579178e-02
2.936117540220821809e+01 7.155018984918358471e-02
2.955991119493962671e+01 7.075583382346929684e-02
2.975999216254130175e+01 6.996832238066050258e-02
2.996142741004363330e+01 6.918762516861338974e-02
3.016422610410585392e+01 6.841372031173391377e-02
3.036839747343318763e+01 6.764658875142015582e-02
3.057395080919683039e+01 6.688620743292875148e-02
3.078089546545673727e+01 6.613254380147876033e-02
3.098924085958731922e+01 6.538555629803781410e-02
3.119899647270597853e+01 6.464519682990009508e-02
3.141017185010457169e+01 6.391141878389305919e-02
3.162277660168378901e+01 6.318418027124976522e-02
3.183682040239046174e+01 6.246344003188664812e-02
3.205231299265783207e+01 6.174916080874717772e-02
3.226926417884883591e+01 6.104131346428928739e-02
3.248768383370231305e+01 6.033987308252088122e-02
3.270758189678232952e+01 5.964481305987498483e-02
3.292896837493046291e+01 5.895609855453033676e-02
3.315185334272120343e+01 5.827368598700513602e-02
3.337624694292038185e+01 5.759752457320375246e-02
3.360215938694678073e+01 5.692756306264926125e-02
3.382960095533677247e+01 5.626375548451609254e-02
3.405858199821220467e+01 5.560605775210732821e-02
3.428911293575135488e+01 5.495442871180395566e-02
3.452120425866313269e+01 5.430883510601532821e-02
3.475486652866450044e+01 5.366925014605272021e-02
3.499011037896107013e+01 5.303564800924304157e-02
3.522694651473101146e+01 5.240799711400208338e-02
3.546538571361217862e+01 5.178625799847952349e-02
3.570543882619260501e+01 5.117038434398291091e-02
3.594711677650424519e+01 5.056032763316358619e-02
3.619043056252010615e+01 4.995604412881596984e-02
3.643539125665473222e+01 4.935749359144536025e-02
3.668201000626806518e+01 4.876463759147375149e-02
3.693029803417272916e+01 4.817744418976349641e-02
3.718026663914474028e+01 4.759588891613270728e-02
3.743192719643768385e+01 4.701994953722716392e-02
3.768529115830035892e+01 4.644959985764301330e-02
3.794037005449794009e+01 4.588480564223972741e-02
3.819717549283664226e+01 4.532552526547407173e-02
3.845571915969198074e+01 4.477171231382856553e-02
3.871601282054055559e+01 4.422332268553007956e-02
3.897806832049546699e+01 4.368031608597861687e-02
3.924189758484535417e+01 4.314265255144300593e-02
3.950751261959707961e+01 4.261029605539255055e-02
3.977492551202205817e+01 4.208321753211390764e-02
4.004414843120635226e+01 4.156139081540174279e-02
4.031519362860439060e+01 4.104478739546122551e-02
4.058807343859654537e+01 4.053337117019937402e-02
4.086280027905040413e+01 4.002709859876094761e-02
4.113938665188585730e+01 3.952592032540040712e-02
4.141784514364404401e+01 3.902978764511699783e-02
4.169818842606010634e+01 3.853865672537529208e-02
4.198042925663985159e+01 3.805248515788401537e-02
4.226458047924027994e+01 3.757123391576681903e-02
4.255065502465410532e+01 3.709487164062096054e-02
4.283866591119815581e+01 3.662337259062599382e-02
4.312862624530581712e+01 3.615671195909604674e-02
4.342054922212345502e+01 3.569486015578023086e-02
4.371444812611088793e+01 3.523778170257004655e-02
4.401033633164592374e+01 3.478543616870514305e-02
4.430822730363295392e+01 3.433778283234509288e-02
4.460813459811574688e+01 3.389478616984222675e-02
4.491007186289429853e+01 3.345641349075358789e-02
4.521405283814590348e+01 3.302263415167982358e-02
4.552009135705046106e+01 3.259342358206572532e-02
4.582820134641993803e+01 3.216876303426098593e-02
4.613839682733213721e+01 3.174863471083381322e-02
4.645069191576877188e+01 3.133301597593740606e-02
4.676510082325782491e+01 3.092187635527902934e-02
4.708163785752027053e+01 3.051517802830297499e-02
4.740031742312116592e+01 3.011287849729541236e-02
4.772115402212516244e+01 2.971493664343533361e-02
4.804416225475645774e+01 2.932131283714078593e-02
4.836935682006318160e+01 2.893196642670566379e-02
4.869675251658630799e+01 2.854685956172000119e-02
4.902636424303310037e+01 2.816595947919068796e-02
4.935820699895509733e+01 2.778923493702241745e-02
4.969229588543069553e+01 2.741665196910001920e-02
5.002864610575232263e+01 2.704817032933752932e-02
5.036727296611834248e+01 2.668374448684703720e-02
5.070819187632955050e+01 2.632332578176668769e-02
5.105141835049041532e+01 2.596686880100338921e-02
5.139696800771512386e+01 2.561433448065822058e-02
5.174485657283830164e+01 2.526568717064445885e-02
5.209509987713062884e+01 2.492089724370764869e-02
5.244771385901927374e+01 2.457994456064791985e-02
5.280271456481316505e+01 2.424281583792470274e-02
5.316011814943325930e+01 2.390950029312777225e-02
5.351994087714763992e+01 2.357998439541498029e-02
5.388219912231169673e+01 2.325425080563233576e-02
5.424690937011325076e+01 2.293227845645761515e-02
5.461408821732273822e+01 2.261404620617021508e-02
5.498375237304848184e+01 2.229953606302905594e-02
5.535591865949706403e+01 2.198872939003917309e-02
5.573060401273885134e+01 2.168160620358301066e-02
5.610782548347871312e+01 2.137814797804888853e-02
5.648760023783190576e+01 2.107833613846286230e-02
5.686994555810529306e+01 2.078214765469076769e-02
5.725487884358378210e+01 2.048955004231747812e-02
5.764241761132210229e+01 2.020049985698540995e-02
5.803257949694196327e+01 1.991494386714248721e-02
5.842538225543459163e+01 1.963282294380238463e-02
5.882084376196869613e+01 1.935407838895608981e-02
5.921898201270391837e+01 1.907865251324139186e-02
5.961981512560976881e+01 1.880648868429533188e-02
6.002336134129011924e+01 1.853753662071394581e-02
6.042963902381327301e+01 1.827175530507876844e-02
6.083866666154766989e+01 1.800911107758508198e-02
6.125046286800318995e+01 1.774957488493858135e-02
6.166504638267824845e+01 1.749312037955266450e-02
6.208243607191252522e+01 1.723972506457288265e-02
6.250265092974552061e+01 1.698937197344794342e-02
6.292571007878092360e+01 1.674205425909057118e-02
6.335163277105682056e+01 1.649777533571751900e-02
6.378043838892177320e+01 1.625654436375546102e-02
6.421214644591685783e+01 1.601837668590732830e-02
6.464677658766366619e+01 1.578329389055202481e-02
6.508434859275830320e+01 1.555131848183871103e-02
6.552488237367145985e+01 1.532246772021783436e-02
6.596839797765454705e+01 1.509674735668263199e-02
6.641491558765201830e+01 1.487414960118484640e-02
6.686445552321974617e+01 1.465465240826818900e-02
6.731703824144980786e+01 1.443822286668245553e-02
6.777268433790135305e+01 1.422482000449477868e-02
6.823141454753782398e+01 1.401439246876625550e-02
6.869324974567061304e+01 1.380688082128691922e-02
6.915821094890894472e+01 1.360222263462302142e-02
6.962631931611633718e+01 1.340035369644903239e-02
7.009759614937343031e+01 1.320120765557349779e-02
7.057206289494737916e+01 1.300471506819453338e-02
7.104974114426785547e+01 1.281080564229860642e-02
7.153065263490952930e+01 1.261941166066725580e-02
7.201481925158131503e+01 1.243047345156190683e-02
7.250226302712225390e+01 1.224394521509539722e-02
7.299300614350418925e+01 1.205979435274293944e-02
7.348707093284116354e+01 1.187800073299225857e-02
7.398447987840567919e+01 1.169855889468431054e-02
7.448525561565188013e+01 1.152147641355241899e-02
7.498942093324556879e+01 1.134676781249618384e-02
7.549699877410125737e+01 1.117444694235450800e-02
7.600801223642622517e+01 1.100452020370837510e-02
7.652248457477166710e+01 1.083698154298956377e-02
7.704043920109090493e+01 1.067180804909170430e-02
7.756189968580478933e+01 1.050895779067702145e-02
7.808688975887430672e+01 1.034836326993841468e-02
7.861543331088050479e+01 1.018992254983512938e-02
7.914755439411159443e+01 1.003349546738594236e-02
7.968327722365755506e+01 9.878899616561560501e-03
8.022262617851203004e+01 9.725902962307540756e-03
8.076562580268181080e+01 9.574217344929279033e-03
8.131230080630368207e+01 9.423493896002910555e-03
8.186267606676891262e+01 9.273323832829215296e-03
8.241677662985536301e+01 9.123242344448414393e-03
8.297462771086726718e+01 8.972738470907539593e-03
8.353625469578260265e+01 8.821266150190201771e-03
8.410168314240843301e+01 8.668254042602119985e-03
8.467093878154389586e+01 8.513122847156953665e-03
8.524404751815112036e+01 8.355306893953093686e-03
8.582103543253413136e+01 8.194274399468119696e-03
8.640192878152561207e+01 8.029548851913733201e-03
8.698675399968182376e+01 7.860731152782882841e-03
8.757553770048552622e+01 7.687525144930526522e-03
8.816830667755706941e+01 7.509763105409237791e-03
8.876508790587372744e+01 7.327431642584743797e-03
8.936590854299713271e+01 7.140694267952658707e-03
8.997079593030926503e+01 6.949904202490380170e-03
9.057977759425659769e+01 6.755613324924037051e-03
9.119288124760268488e+01 6.558577080604865994e-03
9.181013479068940342e+01 6.359748852046487322e-03
9.243156631270649370e+01 6.160264065317228553e-03
9.305720409296988294e+01 5.961415682318067788e-03
9.368707660220853484e+01 5.764624007157683611e-03
9.432121250386006750e+01 5.571401123700911624e-03
9.495964065537515353e+01 5.383310813614068137e-03
9.560239010953074512e+01 5.201925799270827946e-03
9.624949011575209568e+01 5.028778094122713337e-03
9.690097012144387634e+01 4.865307774192109865e-03
9.755685977333020276e+01 4.712817062908920482e-03
9.821718891880377100e+01 4.572426522546690908e-03
9.888198760728410264e+01 4.445033464147606778e-03
9.955128609158499842e+01 4.331277521307751004e-03
1.002251148292912717e+02 4.231515880052894203e-03
1.009035044841447331e+02 4.145811261547280475e-03
1.015864859274395968e+02 4.073931385718588399e-03
1.022740902394273661e+02 4.015362243195541581e-03
1.029663487107311965e+02 3.969329769341278791e-03
1.036632928437697814e+02 3.934828296763785010e-03
1.043649543541909708e+02 3.910661490793864922e-03
1.050713651723150122e+02 3.895490162097251137e-03
1.057825574445876384e+02 3.887880752772325619e-03
1.064985635350428765e+02 3.886355044312414606e-03
1.072194160267759315e+02 3.889438543174060688e-03
1.079451477234258476e+02 3.895707968599934189e-03
1.086757916506683017e+02 3.903833177620057333e-03
1.094113810577185575e+02 3.912613551159646250e-03
1.101519494188444810e+02 3.921004435543337142e-03
1.108975304348898305e+02 3.928129231745056127e-03
1.116481580348079063e+02 3.933283969516715266e-03
1.124038663772055457e+02 3.935934158948253304e-03
1.131646898518975490e+02 3.935700469210030514e-03
1.139306630814716499e+02 3.932336658577663575e-03
1.147018209228640728e+02 3.925702784352867909e-03
1.154781984689458056e+02 3.915738787781297865e-03
1.162598310501194732e+02 3.902439684806852018e-03
1.170467542359271960e+02 3.885835152464834838e-03
1.178390038366692067e+02 3.865974691083027062e-03
1.186366159050334232e+02 3.842914590530465031e-03
1.194396267377361625e+02 3.816711405982534892e-03
1.202480728771738399e+02 3.787424293346043809e-03
1.210619911130858810e+02 3.755120477174103428e-03
1.218814184842289450e+02 3.719881646625054685e-03
1.227063922800624169e+02 3.681811543730722017e-03
1.235369500424452980e+02 3.641043990697413919e-03
1.243731295673446766e+02 3.597750269361212408e-03
1.252149689065556544e+02 3.552143126324178776e-03
1.260625063694329526e+02 3.504477882030921157e-03
1.269157805246343003e+02 3.455045622063960577e-03
1.277748302018754742e+02 3.404159708149660356e-03
1.286396944936974194e+02 3.352142088045767521e-03
1.295104127572451773e+02 3.299307257091926762e-03
1.303870246160587953e+02 3.245943252355778467e-03
1.312695699618767264e+02 3.192294549777502204e-03
1.321580889564508539e+02 3.138548901452975753e-03
1.330526220333743481e+02 3.084831841422332101e-03
1.339532098999216316e+02 3.031207637741450533e-03
1.348598935389007352e+02 2.977688695237098830e-03
1.357727142105183873e+02 2.924249387570094366e-03
1.366917134542575525e+02 2.870840659650421029e-03
1.376169330907678443e+02 2.817409523659688414e-03
1.385484152237686430e+02 2.763919264023722254e-03
1.394862022419649463e+02 2.710364300675416251e-03
1.404303368209765779e+02 2.656779713232605960e-03
1.413808619252800440e+02 2.603244152690472029e-03
1.423378208101636915e+02 2.549877891386100656e-03
1.433012570236962517e+02 2.496834634284853232e-03
1.442712144087084880e+02 2.444289311342867817e-03
1.452477371047883423e+02 2.392422451777273962e-03
1.462308695502895830e+02 2.341399762067743195e-03
1.472206564843540093e+02 2.291354221194514748e-03
1.482171429489475258e+02 2.242374111304240667e-03
1.492203742909096889e+02 2.194494959892042980e-03
1.502303961640173782e+02 2.147696851853243914e-03
1.512472545310623104e+02 2.101908550306800984e-03
1.522709956659427348e+02 2.057019148152558572e-03
1.533016661557691123e+02 2.012895460471271578e-03
1.543393129029841759e+02 1.969402460645008554e-03
1.553839831274973733e+02 1.926424828717536149e-03
1.564357243688335188e+02 1.883882887319706344e-03
1.574945844882963684e+02 1.841742605683123393e-03
1.585606116711465461e+02 1.800021727298183440e-03
1.596338544287941943e+02 1.758787742836694437e-03
1.607143616010067433e+02 1.718146549987541443e-03
1.618021823581313470e+02 1.678225380395084124e-03
1.628973662033324956e+02 1.639152609411896654e-03
1.639999629748446637e+02 1.601038767237391181e-03
1.651100228482404759e+02 1.563960128837326097e-03
1.662275963387138233e+02 1.527949082981843853e-03
1.673527343033787815e+02 1.492989686555816009e-03
1.684854879435838484e+02 1.459018154038327526e-03
1.696259088072420411e+02 1.425932881777655648e-03
1.707740487911766820e+02 1.393610321992242969e-03
1.719299601434829015e+02 1.361921912045291165e-03
1.730936954659054834e+02 1.330751602765812983e-03
1.742653077162324280e+02 1.300011087708368134e-03
1.754448502107050558e+02 1.269652109151978491e-03
1.766323766264440280e+02 1.239672115497873891e-03
1.778279410038922492e+02 1.210113633713600333e-03
1.790315977492739421e+02 1.181056039789860198e-03
1.802434016370704910e+02 1.152598782213420676e-03
1.814634078125131396e+02 1.124843367558605884e-03
1.826916717940924002e+02 1.097876892792420955e-03
1.839282494760844600e+02 1.071756708575171942e-03
1.851731971310949234e+02 1.046499242271814152e-03
1.864265714126194382e+02 1.022074769775034933e-03
1.876884293576218283e+02 9.984102538637268376e-04
1.889588283891297635e+02 9.753992805210967522e-04
1.902378263188477945e+02 9.529182297743205281e-04
1.915254813497881798e+02 9.308465089869278394e-04
1.928218520789195622e+02 9.090843452467362550e-04
1.941269974998334646e+02 8.875671956480486735e-04
1.954409770054290050e+02 8.662758730437834353e-04
1.967638503906155734e+02 8.452377217610330864e-04
1.980956778550338413e+02 8.245185366473191347e-04
1.994365200057954723e+02 8.042084769035327731e-04
2.007864378602409090e+02 7.844049719349742824e-04
2.021454928487162590e+02 7.651957746078138535e-04
2.035137468173686557e+02 7.466434273252860101e-04
2.048912620309608030e+02 7.287745397748248387e-04
2.062781011757042791e+02 7.115729103585049934e-04
2.076743273621123365e+02 6.949783850926675652e-04
2.090800041278717742e+02 6.788958598773629956e-04
2.104951954407343351e+02 6.632109746869795791e-04
2.119199657014276852e+02 6.478078861108758912e-04
2.133543797465860621e+02 6.325871387689728682e-04
2.147985028517008175e+02 6.174797703242076215e-04
2.162524007340908554e+02 6.024566518946670654e-04
2.177161395558931645e+02 5.875306171190835440e-04
2.191897859270738138e+02 5.727530973991757030e-04
2.206734069084589294e+02 5.582044832740705800e-04
2.221670700147865887e+02 5.439781436985573681e-04
2.236708432177790939e+02 5.301642392426738097e-04
2.251847949492361636e+02 5.168348526201393999e-04
2.267089941041490988e+02 5.040307771825700738e-04
2.282435100438358972e+02 4.917536966626613083e-04
2.297884125990976827e+02 4.799652255552419133e-04
2.313437720733965079e+02 4.685942265117134316e-04
2.329096592460545310e+02 4.575497835286023709e-04
2.344861453754751608e+02 4.467378871921733529e-04
2.360733022023855199e+02 4.360782965676008888e-04
2.376712019531013595e+02 4.255161850019265621e-04
2.392799173428137181e+02 4.150292933879539325e-04
2.408995215788980033e+02 4.046302451074221588e-04
2.425300883642453869e+02 3.943613895073415018e-04
2.441716919006168212e+02 3.842834482423765591e-04
2.458244068920196810e+02 3.744610935647277208e-04
2.474883085481073408e+02 3.649490227276826833e-04
2.491634725876016319e+02 3.557811257922383888e-04
2.508499752417386901e+02 3.469640713729435868e-04
2.525478932577378544e+02 3.384768441313495534e-04
2.542573039022943249e+02 3.302736642254147561e-04
2.559782849650951277e+02 3.222908462003393790e-04
2.577109147623592662e+02 3.144591789489237731e-04
2.594552721404015188e+02 3.067178126282537210e-04
2.612114364792204242e+02 2.990259333662666718e-04
2.629794876961108798e+02 2.913706344017548129e-04
2.647595062493005571e+02 2.837685265275603731e-04
2.665515731416114704e+02 2.762612659228997790e-04
2.683557699241462160e+02 2.689051109281081174e-04
2.701721786999989376e+02 2.617588139394705208e-04
2.720008821279917584e+02 2.548716398567442420e-04
2.738419634264360525e+02 2.482734842658527595e-04
2.756955063769197523e+02 2.419712790667440561e-04
2.775615953281197221e+02 2.359497813667824745e-04
2.794403151996402244e+02 2.301741239416046556e-04
2.813317514858775894e+02 2.245948690511790540e-04
2.832359902599103521e+02 2.191549821452526002e-04
2.851531181774165020e+02 2.137995283829147099e-04
2.870832224806168256e+02 2.084861131428559469e-04
2.890263910022449636e+02 2.031950828958634407e-04
2.909827121695442997e+02 1.979356397776480361e-04
2.929522750082923039e+02 1.927429730846605979e-04
2.949351691468513081e+02 1.876683483546228912e-04
2.969314848202478174e+02 1.827649008014520942e-04
2.989413128742782533e+02 1.780724612856133973e-04
3.009647447696433460e+02 1.736072332375759202e-04
3.030018725861102098e+02 1.693597142366109923e-04
3.050527890267024986e+02 1.653012108630797590e-04
3.071175874219189836e+02 1.613940899597526802e-04
3.091963617339808366e+02 1.575996831250721277e-04
3.112892065611075054e+02 1.538810510575758098e-04
3.133962171418215235e+02 1.502013702301130947e-04
3.155174893592825356e+02 1.465254562337423515e-04
3.176531197456507130e+02 1.428291065706384063e-04
3.198032054864793849e+02 1.391112741253290477e-04
3.219678444251378551e+02 1.354009919341795547e-04
3.241471350672638323e+02 1.317524664169122625e-04
3.263411765852462167e+02 1.282263245535193968e-04
3.285500688227378987e+02 1.248645793312143783e-04
3.307739122991995373e+02 1.216727867582909723e-04
3.330128082144736368e+02 1.186221459452931401e-04
3.352668584533901139e+02 1.156689732854127587e-04
3.375361655904025042e+02 1.127778622843100028e-04
3.398208328942558865e+02 1.099351001409324628e-04
3.421209643326862420e+02 1.071442723089975109e-04
3.444366645771518165e+02 1.044091992567187054e-04
3.467680390075962578e+02 1.017199437122461454e-04
3.491151937172441535e+02 9.905443851283691321e-05
3.514782355174289705e+02 9.639735497348069599e-05
3.538572719424536785e+02 9.376106005259039506e-05
3.562524112544844002e+02 9.119074811947747226e-05
3.586637624484768025e+02 8.874543729216469634e-05
3.610914352571364816e+02 8.646496650818028310e-05
3.635355401559121447e+02 8.434675364749180714e-05
3.659961883680232972e+02 8.234717183044420400e-05
3.684734918695215242e+02 8.040521483210285876e-05
3.709675633943860475e+02 7.847348506419571130e-05
3.734785164396540154e+02 7.653665173250233042e-05
3.760064652705854655e+02 7.460772160606189056e-05
3.785515249258629069e+02 7.270784005460310289e-05
3.811138112228265982e+02 7.084750811170920971e-05
3.836934407627448422e+02 6.902296922478681806e-05
3.862905309361202058e+02 6.722616779168600514e-05
3.889051999280316636e+02 6.545845305719283174e-05
3.915375667235126116e+02 6.373638877193200665e-05
3.941877511129656000e+02 6.208445101531751096e-05
3.968558736976137311e+02 6.052093822624869624e-05
3.995420558949885503e+02 5.904736525604711367e-05
4.022464199444555675e+02 5.764710503555324511e-05
4.049690889127769537e+02 5.629202325852362244e-05
4.077101866997117554e+02 5.495147382281818292e-05
4.104698380436543061e+02 5.360072614671690893e-05
4.132481685273107814e+02 5.222730182276481289e-05
4.160453045834136674e+02 5.083536963366531368e-05
4.188613735004756791e+02 4.944721702970086776e-05
4.216965034285821616e+02 4.809758193946364878e-05
4.245508233852225999e+02 4.681936990330939907e-05
4.274244632611619181e+02 4.562677493152004240e-05
4.303175538263514568e+02 4.450666957751147528e-05
4.332302267358797394e+02 4.342666755955975515e-05
4.361626145359638258e+02 4.235533261449358214e-05
4.391148506699807399e+02 4.128134710446190611e-05
4.420870694845405637e+02 4.021631220064607527e-05
4.450794062355994924e+02 3.917910078343088886e-05
4.480919970946154649e+02 3.817690907036113123e-05
4.511249791547444374e+02 3.719729777479486947e-05
4.541784904370794038e+02 3.621654043427393845e-05
4.572526698969309678e+02 3.521929721961722723e-05
4.603476574301509459e+02 3.421383638656253976e-05
4.634635938794985464e+02 3.323058152618016143e-05
4.666006210410495214e+02 3.230421114178624593e-05
4.697588816706490888e+02 3.145260522678104177e-05
4.729385194904079981e+02 3.066799677749452470e-05
4.761396791952431045e+02 2.992488711357552049e-05
4.793625064594618834e+02 2.919615313131509245e-05
4.826071479433913964e+02 2.846413428891891704e-05
4.858737513000527315e+02 2.772211075166629117e-05
4.891624651818797247e+02 2.697137599478272257e-05
4.924734392474840092e+02 2.621984242839608557e-05
4.958068241684654822e+02 2.548203659556072989e-05
4.991627716362685305e+02 2.477517299205017468e-05
5.025414343690854366e+02 2.411201936318837903e-05
5.059429661188057707e+02 2.349589040390877808e-05
5.093675216780133610e+02 2.291797509201158790e-05
5.128152568870302730e+02 2.235986832785740908e-05
5.162863286410084811e+02 2.180502735352615742e-05
5.197808948970699703e+02 2.125229844447547821e-05
5.232991146814945296e+02 2.071708994189585176e-05
5.268411480969568856e+02 2.021472262429371936e-05
5.304071563298118690e+02 1.974191884132223831e-05
5.339973016574301710e+02 1.927841941481542280e-05
5.376117474555824174e+02 1.880542348658715079e-05
5.412506582058742879e+02 1.831852860830616138e-05
5.449141995032316572e+02 1.782595776898040696e-05
5.486025380634355315e+02 1.734260147824228133e-05
5.523158417307097352e+02 1.688541881590482040e-05
5.560542794853581654e+02 1.646360109185743202e-05
5.598180214514547970e+02 1.606896117405594122e-05
5.636072389045856426e+02 1.568352256026255687e-05
5.674221042796427810e+02 1.529751692338176722e-05
5.712627911786712502e+02 1.491227648949181283e-05
5.751294743787692596e+02 1.452506471029928740e-05
5.790223298400417207e+02 1.412497582157595247e-05
5.829415347136073251e+02 1.371033052384343361e-05
5.868872673496604193e+02 1.329836593853394450e-05
5.908597073055871078e+02 1.290987619579435511e-05
5.948590353541362674e+02 1.255144292687467405e-05
5.988854334916459266e+02 1.221832891262691389e-05
6.029390849463252380e+02 1.190366526884789169e-05
6.070201741865927261e+02 1.159652114955042002e-05
6.111288869294708093e+02 1.128321063959391915e-05
6.152654101490370522e+02 1.096147684564940806e-05
6.194299320849330570e+02 1.064703229598002287e-05
6.236226422509300846e+02 1.035573855157809447e-05
6.278437314435540202e+02 1.008456849579073293e-05
6.320933917507668411e+02 9.819534669619012571e-06
6.363718165607091350e+02 9.556788223393173081e-06
6.406792005704994608e+02 9.303953634593259688e-06
6.450157397950948734e+02 9.065436257232135494e-06
6.493816315762111344e+02 8.838551725399119033e-06
6.537770745913027213e+02 8.621188976088837205e-06
6.582022688626040008e+02 8.414693235381538587e-06
6.626574157662319067e+02 8.219502383387561299e-06
6.671427180413493261e+02 8.034078784936920920e-06
6.716583797993920371e+02 7.855736924744027519e-06
6.762046065333560136e+02 7.679286571608583001e-06
6.807816051271497599e+02 7.497066972354644031e-06
6.853895838650081487e+02 7.302968999167952328e-06
6.900287524409711750e+02 7.097843062517719003e-06
6.946993219684263750e+02 6.890924423918801768e-06
6.994015049897159315e+02 6.694314221599553882e-06
7.041355154858085825e+02 6.515172920720270997e-06
7.089015688860374667e+02 6.350232751233557159e-06
7.136998820779034531e+02 6.187778064764335760e-06
7.185306734169448646e+02 6.020607583269025801e-06
7.233941627366746161e+02 5.853833303844955989e-06
7.282905713585832927e+02 5.692218240444107415e-06
7.332201221022116897e+02 5.529905744149593500e-06
7.381830392952898592e+02 5.362140245646735979e-06
7.431795487839460748e+02 5.195390000499830321e-06
7.482098779429837805e+02 5.040252880102707837e-06
7.532742556862292531e+02 4.900743028765337633e-06
7.583729124769483860e+02 4.772587671211428435e-06
7.635060803383344137e+02 4.652831466016796827e-06
7.686739928640664630e+02 4.541988824992088185e-06
7.738768852289399547e+02 4.433296508254625739e-06
7.791149941995678319e+02 4.319252772711989298e-06
7.843885581451561393e+02 4.206525436922620291e-06
7.896978170483504300e+02 4.104024246063539411e-06
7.950430125161573187e+02 4.009501250957169662e-06
8.004243877909389084e+02 3.916555062823132801e-06
8.058421877614816822e+02 3.820206489912777530e-06
8.112966589741411099e+02 3.721363192025155135e-06
8.167880496440610614e+02 3.625887754151169259e-06
8.223166096664689348e+02 3.533538219451683674e-06
8.278825906280478648e+02 3.440308674372786222e-06
8.334862458183855551e+02 3.346065442039154344e-06
8.391278302415004191e+02 3.250995603779419514e-06
8.448076006274466181e+02 3.158988297960726748e-06
8.505258154439960663e+02 3.075754024100796427e-06
8.562827349084013804e+02 2.995988846625036383e-06
8.620786209992368185e+02 2.912748236301181344e-06
8.679137374683206190e+02 2.829517708091747689e-06
8.737883498527170332e+02 2.748828212855533033e-06
8.797027254868202135e+02 2.669492896901547227e-06
8.856571335145198418e+02 2.593425698420788460e-06
8.916518449014487260e+02 2.523669428926458097e-06
8.976871324473139566e+02 2.461738460861946066e-06
9.037632707983108276e+02 2.404382654244889275e-06
9.098805364596209984e+02 2.345663750566670388e-06
9.160392078079956946e+02 2.286337238114353905e-06
9.222395651044232636e+02 2.231334247364698886e-06
9.284818905068835875e+02 2.177352225188871747e-06
9.347664680831875330e+02 2.118291697630875181e-06
9.410935838239040550e+02 2.055968489811786878e-06
9.474635256553751788e+02 1.995339186646300787e-06
9.538765834528179539e+02 1.939661376986312594e-06
9.603330490535162198e+02 1.889250570406132932e-06
9.668332162701007064e+02 1.842626021348268603e-06
9.733773809039199705e+02 1.795789386769005607e-06
9.799658407585011446e+02 1.747266499005120427e-06
9.865988956531016356e+02 1.701062823883620360e-06
9.932768474363537052e+02 1.657819899115691898e-06
9.999999999999997726e+02 1.614699459888515985e-06
