1.000000000000000000e+00 1.059899284010962672e+00
1.006768659292722301e+00 1.056569168251845880e+00
1.013583133334065689e+00 1.053244994764250375e+00
1.020443732228454081e+00 1.049925869889267949e+00
1.027350768179302598e+00 1.046611225867185802e+00
1.034304555503224865e+00 1.043301256226163209e+00
1.041305410644336904e+00 1.039996631339042965e+00
1.048353652188656726e+00 1.036697826908475006e+00
1.055449600878602956e+00 1.033404737299179255e+00
1.062593579627590046e+00 1.030116883356635205e+00
1.069785913534723631e+00 1.026833875884616276e+00
1.077026929899593810e+00 1.023555579339909816e+00
1.084316958237171002e+00 1.020281866789115366e+00
1.091656330292799515e+00 1.017012411481341694e+00
1.099045380057295240e+00 1.013746933745270029e+00
1.106484443782143501e+00 1.010485708612335332e+00
1.113973859994802362e+00 1.007229691622908208e+00
1.121513969514106090e+00 1.003979945231299409e+00
1.129105115465775633e+00 1.000736840756645707e+00
1.136747643298033461e+00 9.974998304073715572e-01
1.144441900797322997e+00 9.942680031538198016e-01
1.152188238104135731e+00 9.910408026805035409e-01
1.159987007728944697e+00 9.878181913862855712e-01
1.167838564568246529e+00 9.846002759755603240e-01
1.175743265920710989e+00 9.813870285797821058e-01
1.183701471503440850e+00 9.781784634264856226e-01
1.191713543468341907e+00 9.749748925433845415e-01
1.199779846418602025e+00 9.717767394236980216e-01
1.207900747425284305e+00 9.685840670541142616e-01
1.216076616044030834e+00 9.653964964715343600e-01
1.224307824331879679e+00 9.622137351333396316e-01
1.232594746864196456e+00 9.590360627276255379e-01
1.240937760751719576e+00 9.558640907405548948e-01
1.249337245657721862e+00 9.526980531178675937e-01
1.257793583815287164e+00 9.495375227080176117e-01
1.266307160044705116e+00 9.463818693320805719e-01
1.274878361770982682e+00 9.432308027941948003e-01
1.283507579041474500e+00 9.400843630478984414e-01
1.292195204543633125e+00 9.369426232472980454e-01
1.300941633622878735e+00 9.338057180914173250e-01
1.309747264300589853e+00 9.306740913616581290e-01
1.318612497292215746e+00 9.275483221072621243e-01
1.327537736025512505e+00 9.244285301387874521e-01
1.336523386658901247e+00 9.213141827700799258e-01
1.345569858099950888e+00 9.182046831581890389e-01
1.354677562023986148e+00 9.150999773862062980e-01
1.363846912892822338e+00 9.120003891473870139e-01
1.373078327973625168e+00 9.089060613768062957e-01
1.382372227357899552e+00 9.058168761094723687e-01
1.391729033980606989e+00 9.027328017337483690e-01
1.401149173639411494e+00 8.996539389439721646e-01
1.410633075014056104e+00 8.965802429389827521e-01
1.420181169685871492e+00 8.935115916016233006e-01
1.429793892157415147e+00 8.904481808672570775e-01
1.439471679872244225e+00 8.873904460204583566e-01
1.449214973234822290e+00 8.843384468364929862e-01
1.459024215630560617e+00 8.812916919295021856e-01
1.468899853445995385e+00 8.782497377273137396e-01
1.478842336089101206e+00 8.752126276953735573e-01
1.488852116009742099e+00 8.721806112743034634e-01
1.498929648720260799e+00 8.691538322372872605e-01
1.509075392816208172e+00 8.661324610511272892e-01
1.519289809997212304e+00 8.631166966883703218e-01
1.529573365087988579e+00 8.601064225788602746e-01
1.539926526059491874e+00 8.571012641366632101e-01
1.550349764050214185e+00 8.541011455439190270e-01
1.560843553387622817e+00 8.511063611621453306e-01
1.571408371609745780e+00 8.481170076095723154e-01
1.582044699486903738e+00 8.451328350669760070e-01
1.592753021043588069e+00 8.421537158102013754e-01
1.603533823580486350e+00 8.391797813551189478e-01
1.614387597696659071e+00 8.362111414956662214e-01
1.625314837311864435e+00 8.332479145996051217e-01
1.636316039689035051e+00 8.302903275988633425e-01
1.647391705456906941e+00 8.273383446436843869e-01
1.658542338632801538e+00 8.243915245425509353e-01
1.669768446645562010e+00 8.214496024808372043e-01
1.681070540358644116e+00 8.185127855130222008e-01
1.692449134093364504e+00 8.155812972252407533e-01
1.703904745652305541e+00 8.126551699422612796e-01
1.715437896342878910e+00 8.097344827566024250e-01
1.727049111001048187e+00 8.068192761914334543e-01
1.738738918015213519e+00 8.039094316222393788e-01
1.750507849350255274e+00 8.010049739258163770e-01
1.762356440571743343e+00 7.981060314494198282e-01
1.774285230870308538e+00 7.952124008411116662e-01
1.786294763086178961e+00 7.923237651800173476e-01
1.798385583733883575e+00 7.894401995637270186e-01
1.810558243027121872e+00 7.865619685676878969e-01
1.822813294903802506e+00 7.836892330229814352e-01
1.835151297051251129e+00 7.808221312821648219e-01
1.847572810931588538e+00 7.779606144410258217e-01
1.860078401807282011e+00 7.751044012755282653e-01
1.872668638766866955e+00 7.722534392914042201e-01
1.885344094750846189e+00 7.694078707039230247e-01
1.898105346577760866e+00 7.665676070002870324e-01
1.910952974970440366e+00 7.637325470160416518e-01
1.923887564582429599e+00 7.609028052558880484e-01
1.936909704024593504e+00 7.580784785348277932e-01
1.950019985891903840e+00 7.552596764609683655e-01
1.963219006790405397e+00 7.524464717197859587e-01
1.976507367364366718e+00 7.496386455844487040e-01
1.989885672323611798e+00 7.468360543003856877e-01
2.003354530471040285e+00 7.440388746791158914e-01
2.016914554730330433e+00 7.412471810081457946e-01
2.030566362173833017e+00 7.384609207802468323e-01
2.044310574050650420e+00 7.356800637504324891e-01
2.058147815814908910e+00 7.329045119937185326e-01
2.072078717154220762e+00 7.301343183165996953e-01
2.086103912018339113e+00 7.273696066010375549e-01
2.100224038648006442e+00 7.246102751538340270e-01
2.114439739604000223e+00 7.218563411624536741e-01
2.128751661796372652e+00 7.191079787680968449e-01
2.143160456513888867e+00 7.163652075348833081e-01
2.157666779453666805e+00 7.136279705067684054e-01
2.172271290751014217e+00 7.108960853717969375e-01
2.186974655009469970e+00 7.081694198150146891e-01
2.201777541331048305e+00 7.054481398294729644e-01
2.216680623346686030e+00 7.027323170413808384e-01
2.231684579246899336e+00 7.000219420445633611e-01
2.246790091812644441e+00 6.973170971381996708e-01
2.261997848446388737e+00 6.946177945544314003e-01
2.277308541203393322e+00 6.919240596147872013e-01
2.292722866823205585e+00 6.892357984244026348e-01
2.308241526761365847e+00 6.865529046185480100e-01
2.323865227221326712e+00 6.838755075733583544e-01
2.339594679186592696e+00 6.812036174674612754e-01
2.355430598453073010e+00 6.785371618492195278e-01
2.371373705661655062e+00 6.758760945443225143e-01
2.387424726330999558e+00 6.732204272577660964e-01
2.403584390890554978e+00 6.705703049668306770e-01
2.419853434713798990e+00 6.679257088491448169e-01
2.436232598151700568e+00 6.652866664118978202e-01
2.452722626566413489e+00 6.626532497938139032e-01
2.469324270365192753e+00 6.600253916998843895e-01
2.486038285034545048e+00 6.574029916255088590e-01
2.502865431174607913e+00 6.547859444401513684e-01
2.519806474533761609e+00 6.521743562744389822e-01
2.536862186043476353e+00 6.495682858762731327e-01
2.554033341853395811e+00 6.469676975330923563e-01
2.571320723366654626e+00 6.443726359856947195e-01
2.588725117275439747e+00 6.417831156931308456e-01
2.606247315596790237e+00 6.391991821539424468e-01
2.623888115708637336e+00 6.366207848395551983e-01
2.641648320386092319e+00 6.340480094635972952e-01
2.659528737837978163e+00 6.314808181629978368e-01
2.677530181743607685e+00 6.289190931825419106e-01
2.695653471289811254e+00 6.263627699063182286e-01
2.713899431208216306e+00 6.238119158292116939e-01
2.732268891812777767e+00 6.212666078735741282e-01
2.750762689037562492e+00 6.187268377853012424e-01
2.769381664474790838e+00 6.161926722450248306e-01
2.788126665413133143e+00 6.136641029582082796e-01
2.806998544876269097e+00 6.111411166005407125e-01
2.825998161661703811e+00 6.086237119319890532e-01
2.845126380379851661e+00 6.061119439775323192e-01
2.864384071493379480e+00 6.036057136151019575e-01
2.883772111356819323e+00 6.011049441554907613e-01
2.903291382256448117e+00 5.986096518856446336e-01
2.922942772450439097e+00 5.961198925258617276e-01
2.942727176209281481e+00 5.936356930455666259e-01
2.962645493856477241e+00 5.911571192740013858e-01
2.982698631809511003e+00 5.886841774581407227e-01
3.002887502621098825e+00 5.862168298282152135e-01
3.023213025020715428e+00 5.837551139621227625e-01
3.043676123956401192e+00 5.812990481347712901e-01
3.064277730636856045e+00 5.788485513858317999e-01
3.085018782573813567e+00 5.764035665951089404e-01
3.105900223624704637e+00 5.739640994547412500e-01
3.126923004035610631e+00 5.715301547235600577e-01
3.148088080484503948e+00 5.691018029850398730e-01
3.169396416124783844e+00 5.666790923852386141e-01
3.190848980629108045e+00 5.642619991006778690e-01
3.212446750233517001e+00 5.618505443814720834e-01
3.234190707781861018e+00 5.594447780527435077e-01
3.256081842770524926e+00 5.570446591843631889e-01
3.278121151393458721e+00 5.546501460547972329e-01
3.300309636587507534e+00 5.522611927001915832e-01
3.322648308078056889e+00 5.498777646331102220e-01
3.345138182424977735e+00 5.474999092230655728e-01
3.367780283068889435e+00 5.451276619660969658e-01
3.390575640377730959e+00 5.427610170142639356e-01
3.413525291693651820e+00 5.404000286164875044e-01
3.436630281380216978e+00 5.380447265456740347e-01
3.459891660869932384e+00 5.356951133416875122e-01
3.483310488712092479e+00 5.333511828031566315e-01
3.506887830620950997e+00 5.310128711438718563e-01
3.530624759524218614e+00 5.286801551741668881e-01
3.554522355611887896e+00 5.263530361354592513e-01
3.578581706385389527e+00 5.240314785931959873e-01
3.602803906707081616e+00 5.217155122383166921e-01
3.627190058850071175e+00 5.194051833686594843e-01
3.651741272548377104e+00 5.171005302143270033e-01
3.676458665047429353e+00 5.148015838822794787e-01
3.701343361154912692e+00 5.125083201202608185e-01
3.726396493291950218e+00 5.102207518074289849e-01
3.751619201544638571e+00 5.079388692304488417e-01
3.777012633715929546e+00 5.056626101355730096e-01
3.802577945377860758e+00 5.033919472931048800e-01
3.828316299924144239e+00 5.011268630175682581e-01
3.854228868623106319e+00 4.988673983051070682e-01
3.880316830670990758e+00 4.966135825474396470e-01
3.906581373245619382e+00 4.943654301398526796e-01
3.933023691560414647e+00 4.921229884355666773e-01
3.959644988918792130e+00 4.898862641997469569e-01
3.986446476768918945e+00 4.876552593134826363e-01
4.013429374758841206e+00 4.854299396598030225e-01
4.040594910791988070e+00 4.832102773030891862e-01
4.067944321083047043e+00 4.809962499979757444e-01
4.095478850214223421e+00 4.787878145281112552e-01
4.123199751191873652e+00 4.765849974549044021e-01
4.151108285503529061e+00 4.743878270546863507e-01
4.179205723175299703e+00 4.721963518572187546e-01
4.207493342829669025e+00 4.700105751059178161e-01
4.235972431743680211e+00 4.678305256367500942e-01
4.264644285907518650e+00 4.656562137536670032e-01
4.293510210083481660e+00 4.634876135001138042e-01
4.322571517865362090e+00 4.613246929292636467e-01
4.351829531738218293e+00 4.591674182757728984e-01
4.381285583138561535e+00 4.570157729564451876e-01
4.410941012514943083e+00 4.548697405583697617e-01
4.440797169388953414e+00 4.527293643185969496e-01
4.470855412416632646e+00 4.505946768734527264e-01
4.501117109450304632e+00 4.484657049200018730e-01
4.531583637600817838e+00 4.463424588857811126e-01
4.562256383300213436e+00 4.442249616192686101e-01
4.593136742364820613e+00 4.421131935111656253e-01
4.624226120058772871e+00 4.400071259652379996e-01
4.655525931157957764e+00 4.379067278327895552e-01
4.687037600014400951e+00 4.358119690900546517e-01
4.718762560621077462e+00 4.337228374940295672e-01
4.750702256677175939e+00 4.316393603471244123e-01
4.782858141653790973e+00 4.295615718083632406e-01
4.815231678860068421e+00 4.274894956411384728e-01
4.847824341509796575e+00 4.254231570732727175e-01
4.880637612788442325e+00 4.233625663483346901e-01
4.913672985920653602e+00 4.213077155672050877e-01
4.946931964238204138e+00 4.192585860866815950e-01
4.980416061248410742e+00 4.172151448147099484e-01
5.014126800703003539e+00 4.151773508376904176e-01
5.048065716667470504e+00 4.131451988763450989e-01
5.082234353590864728e+00 4.111187002998901163e-01
5.116634266376091311e+00 4.090978804229410404e-01
5.151267020450659651e+00 4.070827770373522947e-01
5.186134191837926899e+00 4.050734116085755732e-01
5.221237367228816595e+00 4.030697891740325223e-01
5.256578144054018686e+00 4.010719197007801551e-01
5.292158130556691376e+00 3.990797836687506872e-01
5.327978945865640803e+00 3.970933452061886637e-01
5.364042220069003442e+00 3.951125747892286211e-01
5.400349594288428534e+00 3.931374502531886361e-01
5.436902720753758800e+00 3.911679748657440059e-01
5.473703262878216513e+00 3.892041786202519726e-01
5.510752895334102064e+00 3.872460890271787193e-01
5.548053304129002328e+00 3.852937328301152542e-01
5.585606186682514185e+00 3.833471235007573918e-01
5.623413251903490284e+00 3.814062627259242610e-01
5.661476220267805282e+00 3.794711448995248260e-01
5.699796823896647879e+00 3.775417382985731818e-01
5.738376806635345773e+00 3.756180065463256557e-01
5.777217924132720839e+00 3.736999289228040699e-01
5.816321943920984339e+00 3.717874983543453804e-01
5.855690645496170355e+00 3.698807365853050144e-01
5.895325820399115457e+00 3.679796748222351477e-01
5.935229272296986380e+00 3.660843374043279974e-01
5.975402817065356587e+00 3.641947420196779972e-01
6.015848282870845942e+00 3.623108924247560592e-01
6.056567510254307507e+00 3.604327869475471013e-01
6.097562352214591641e+00 3.585604004888877094e-01
6.138834674292862559e+00 3.566936974732461962e-01
6.180386354657501968e+00 3.548326518041614586e-01
6.222219284189568711e+00 3.529772509268995773e-01
6.264335366568855257e+00 3.511275099871673522e-01
6.306736518360510857e+00 3.492834557249877570e-01
6.349424669102263330e+00 3.474451168823316505e-01
6.392401761392223491e+00 3.456125110120716881e-01
6.435669750977286441e+00 3.437856443947531759e-01
6.479230606842130591e+00 3.419645207139810350e-01
6.523086311298824214e+00 3.401491177729845661e-01
6.567238860077027063e+00 3.383394068785656739e-01
6.611690262414815500e+00 3.365353536061568840e-01
6.656442541150111580e+00 3.347369443238134568e-01
6.701497732812740082e+00 3.329441840931399721e-01
6.746857887717101043e+00 3.311570964478293688e-01
6.792525070055474679e+00 3.293757116046658884e-01
6.838501357991956020e+00 3.276000469568486340e-01
6.884788843757022825e+00 3.258301140211195546e-01
6.931389633742750078e+00 3.240659141808086008e-01
6.978305848598663097e+00 3.223074369278964291e-01
7.025539623328239003e+00 3.205546511647953123e-01
7.073093107386069889e+00 3.188075258988989358e-01
7.120968464775669027e+00 3.170660384213533911e-01
7.169167874147955644e+00 3.153301895607208971e-01
7.217693528900394284e+00 3.135999962938282870e-01
7.266547637276808302e+00 3.118754877976964157e-01
7.315732422467871920e+00 3.101566852190356660e-01
7.365250122712279968e+00 3.084435993807812526e-01
7.415102991398601517e+00 3.067362355475415914e-01
7.465293297167824527e+00 3.050345866374443160e-01
7.515823324016598583e+00 3.033386276224760980e-01
7.566695371401162440e+00 3.016483260472269112e-01
7.617911754341997188e+00 2.999636562920906524e-01
7.669474803529163331e+00 2.982846114287892036e-01
7.721386865428371493e+00 2.966112039237249753e-01
7.773650302387757449e+00 2.949434593605873012e-01
7.826267492745389021e+00 2.932814019422293472e-01
7.879240830937490614e+00 2.916250433336703973e-01
7.932572727607413832e+00 2.899743904845762943e-01
7.986265609715330172e+00 2.883294404074999706e-01
8.040321920648679566e+00 2.866901733172546041e-01
8.094744120333357884e+00 2.850565579705922059e-01
8.149534685345662055e+00 2.834285656497855799e-01
8.204696109024990136e+00 2.818061834059572557e-01
8.260230901587306107e+00 2.801894178124122448e-01
8.316141590239366721e+00 2.785782905737177462e-01
8.372430719293735280e+00 2.769728267356739160e-01
8.429100850284557467e+00 2.753730403761142087e-01
8.486154562084131214e+00 2.737789387072099845e-01
8.543594451020259939e+00 2.721905222236113975e-01
8.601423130994410471e+00 2.706077762570461287e-01
8.659643233600652579e+00 2.690306718979746936e-01
8.718257408245424500e+00 2.674591786186593101e-01
8.777268322268090728e+00 2.658932780272459939e-01
8.836678661062329354e+00 2.643329707239318593e-01
8.896491128198329434e+00 2.627782735106529710e-01
8.956708445545832120e+00 2.612292108759812770e-01
9.017333353397981810e+00 2.596857995047952561e-01
9.078368610596033506e+00 2.581480467358037156e-01
9.139816994654903937e+00 2.566159552774651686e-01
9.201681301889557574e+00 2.550895152888260631e-01
9.263964347542261280e+00 2.535687010704064104e-01
9.326668965910702269e+00 2.520534817905683567e-01
9.389798010476960499e+00 2.505438343406736768e-01
9.453354354037360352e+00 2.490397534928303902e-01
9.517340888833214052e+00 2.475412507298593856e-01
9.581760526682421286e+00 2.460483486598165070e-01
9.646616199111990753e+00 2.445610661592334534e-01
9.711910857491437454e+00 2.430794113620528829e-01
9.777647473167087711e+00 2.416033881574916886e-01
9.843829037597304321e+00 2.401329909104859550e-01
9.910458562488608791e+00 2.386681979902840756e-01
9.977539079932736144e+00 2.372089793035492833e-01
1.004507364254462409e+01 2.357553081563592279e-01
1.011306532360131527e+01 2.343071735735613725e-01
1.018151721718181690e+01 2.328645815431505395e-01
1.025043243830790907e+01 2.314275512996879780e-01
1.031981412308588375e+01 2.299961027450168061e-01
1.038966542884927691e+01 2.285702453918455057e-01
1.045998953430253486e+01 2.271499832921005657e-01
1.053078963966567017e+01 2.257353137946266908e-01
1.060206896681989797e+01 2.243262195811758786e-01
1.067383075945424764e+01 2.229226717679412273e-01
1.074607828321317449e+01 2.215246411821196471e-01
1.081881482584516796e+01 2.201321111695440924e-01
1.089204369735236710e+01 2.187450819833868521e-01
1.096576823014119029e+01 2.173635680966475581e-01
1.103999177917397567e+01 2.159875889967232676e-01
1.111471772212165909e+01 2.146171557877435410e-01
1.118994945951748576e+01 2.132522720177770781e-01
1.126569041491174161e+01 2.118929366948392179e-01
1.134194403502756821e+01 2.105391364657280273e-01
1.141871378991779551e+01 2.091908442182297545e-01
1.149600317312286002e+01 2.078480294464276901e-01
1.157381570182978336e+01 2.065106701740097861e-01
1.165215491703223094e+01 2.051787607960327831e-01
1.173102438369164169e+01 2.038523103008503534e-01
1.181042769089946809e+01 2.025313363312988280e-01
1.189036845204050152e+01 2.012158513938554494e-01
1.197085030495729896e+01 1.999058587039108104e-01
1.205187691211573586e+01 1.986013578612483010e-01
1.213345196077167465e+01 1.973023388884115048e-01
1.221557916313875403e+01 1.960087773245796638e-01
1.229826225655731875e+01 1.947206423881748527e-01
1.238150500366450224e+01 1.934379078090519011e-01
1.246531119256544606e+01 1.921605622284202342e-01
1.254968463700567938e+01 1.908886091948324149e-01
1.263462917654468320e+01 1.896220633488046592e-01
1.272014867673060401e+01 1.883609381163563190e-01
1.280624702927616809e+01 1.871052372711648482e-01
1.289292815223577726e+01 1.858549605091068535e-01
1.298019599018380887e+01 1.846101007191728871e-01
1.306805451439412558e+01 1.833706371032956528e-01
1.315650772302078231e+01 1.821365397366848937e-01
1.324555964127998031e+01 1.809077797650452402e-01
1.333521432163323972e+01 1.796843408507818318e-01
1.342547584397180671e+01 1.784662217323380595e-01
1.351634831580232721e+01 1.772534335755455437e-01
1.360783587243375514e+01 1.760459904210614213e-01
1.369994267716554504e+01 1.748438979610672794e-01
1.379267292147710577e+01 1.736471562278479319e-01
1.388603082521854226e+01 1.724557608616485715e-01
1.398002063680268670e+01 1.712696957682172672e-01
1.407464663339843369e+01 1.700889334766068628e-01
1.416991312112536860e+01 1.689134447958289820e-01
1.426582443524974408e+01 1.677432098402953931e-01
1.436238494038174274e+01 1.665782236832428764e-01
1.445959903067411467e+01 1.654184943622515891e-01
1.455747113002212600e+01 1.642640365109303280e-01
1.465600569226488936e+01 1.631148589848702146e-01
1.475520720138803021e+01 1.619709632010514488e-01
1.485508017172774942e+01 1.608323476217051462e-01
1.495562914817625000e+01 1.596990014634415422e-01
1.505685870638856372e+01 1.585709014154373653e-01
1.515877345299076850e+01 1.574480198780373041e-01
1.526137802578962877e+01 1.563303349109840812e-01
1.536467709398363901e+01 1.552178386142546718e-01
1.546867535837550989e+01 1.541105362829795489e-01
1.557337755158608417e+01 1.530084423933775473e-01
1.567878843826970225e+01 1.519115689043786799e-01
1.578491281533102431e+01 1.508199192875326611e-01
1.589175551214332849e+01 1.497334940708157092e-01
1.599932139076826942e+01 1.486522869913609324e-01
1.610761534617714474e+01 1.475762793135321216e-01
1.621664230647364491e+01 1.465054453254735212e-01
1.632640723311811470e+01 1.454397614882751155e-01
1.643691512115332998e+01 1.443792163106980830e-01
1.654817099943181091e+01 1.433238114791359763e-01
1.666017993084467719e+01 1.422735591591547388e-01
1.677294701255201659e+01 1.412284723633778771e-01
1.688647737621486655e+01 1.401885558605973359e-01
1.700077618822873049e+01 1.391538100955746760e-01
1.711584864995867861e+01 1.381242307960781623e-01
1.723169999797605101e+01 1.370998023327918702e-01
1.734833550429675597e+01 1.360804995312867860e-01
1.746576047662118114e+01 1.350662963921272219e-01
1.758398025857572478e+01 1.340571760810470303e-01
1.770300022995598255e+01 1.330531346458604658e-01
1.782282580697154017e+01 1.320541789777369412e-01
1.794346244249247135e+01 1.310603200308992355e-01
1.806491562629746284e+01 1.300715620621466229e-01
1.818719088532364481e+01 1.290879030338062949e-01
1.831029378391810880e+01 1.281093376653909821e-01
1.843422992409110250e+01 1.271358511774685340e-01
1.855900494577098314e+01 1.261674175624599714e-01
1.868462452706085841e+01 1.252040075172567712e-01
1.881109438449697535e+01 1.242455975763925302e-01
1.893842027330888200e+01 1.232921765647335965e-01
1.906660798768129439e+01 1.223437442790685364e-01
1.919566336101780735e+01 1.214003072702269231e-01
1.932559226620633197e+01 1.204618680737858938e-01
1.945640061588635561e+01 1.195284215980803033e-01
1.958809436271800308e+01 1.185999601370264639e-01
1.972067949965293820e+01 1.176764688912040890e-01
1.985416206020706298e+01 1.167579216175357038e-01
1.998854811873509973e+01 1.158442866853153924e-01
2.012384379070700646e+01 1.149355353514291550e-01
2.026005523298626798e+01 1.140316500954920986e-01
2.039718864411009136e+01 1.131326247744917080e-01
2.053525026457145941e+01 1.122384619638869402e-01
2.067424637710313107e+01 1.113491636333769491e-01
2.081418330696354246e+01 1.104647242532269119e-01
2.095506742222464780e+01 1.095851354199098293e-01
2.109690513406171419e+01 1.087103842061131337e-01
2.123970289704506342e+01 1.078404474622582376e-01
2.138346720943381030e+01 1.069752948783458946e-01
2.152820461347156922e+01 1.061148968025052847e-01
2.167392169568417160e+01 1.052592331632290074e-01
2.182062508717940474e+01 1.044082956872356416e-01
2.196832146394875096e+01 1.035620859903625540e-01
2.211701754717122270e+01 1.027206085872668789e-01
2.226672010351918729e+01 1.018838619321213862e-01
2.241743594546631968e+01 1.010518404401680587e-01
2.256917193159760870e+01 1.002245360949589187e-01
2.272193496692146653e+01 9.940193255554521934e-02
2.287573200318395550e+01 9.858400483781812329e-02
2.303057003918513246e+01 9.777072663978679523e-02
2.318645612109755660e+01 9.696207866572167933e-02
2.334339734278692546e+01 9.615805324864448722e-02
2.350140084613489222e+01 9.535865280964055113e-02
2.366047382136407506e+01 9.456388533484803849e-02
2.382062350736526568e+01 9.377375468776119605e-02
2.398185719202683686e+01 9.298825900023754976e-02
2.414418221256639185e+01 9.220739467509120324e-02
2.430760595586465911e+01 9.143115151241078264e-02
2.447213585880165709e+01 9.065950957547871947e-02
2.463777940859510096e+01 8.989244523868998582e-02
2.480454414314113265e+01 8.912993856406992155e-02
2.497243765135734961e+01 8.837197990813470960e-02
2.514146757352813921e+01 8.761856927889627444e-02
2.531164160165237931e+01 8.686971351234537564e-02
2.548296747979346222e+01 8.612541735317308378e-02
2.565545300443170973e+01 8.538567849414528677e-02
2.582910602481915774e+01 8.465049217918062252e-02
2.600393444333676385e+01 8.391984850184282252e-02
2.617994621585399884e+01 8.319372759582727150e-02
2.635714935209091081e+01 8.247210342895171242e-02
2.653555191598261231e+01 8.175495063713095201e-02
2.671516202604624723e+01 8.104225215354206313e-02
2.689598785575043038e+01 8.033400020831854560e-02
2.707803763388720242e+01 7.963019446066613161e-02
2.726131964494650006e+01 7.893083496356302631e-02
2.744584222949314523e+01 7.823591497685612739e-02
2.763161378454639561e+01 7.754542408895936934e-02
2.781864276396208169e+01 7.685934849308276307e-02
2.800693767881729812e+01 7.617766571046930002e-02
2.819650709779772413e+01 7.550034553198606280e-02
2.838735964758754449e+01 7.482735663293231532e-02
2.857950401326204215e+01 7.415867415896833237e-02
2.877294893868280568e+01 7.349428286555401146e-02
2.896770322689564736e+01 7.283417570304194510e-02
2.916377574053120014e+01 7.217834916108958887e-02
2.936117540220821809e+01 7.152679501828000663e-02
2.955991119493962671e+01 7.087950058147544918e-02
2.975999216254130175e+01 7.023645167976402814e-02
2.996142741004363330e+01 6.959762791444012997e-02
3.016422610410585392e+01 6.896300089495101260e-02
3.036839747343318763e+01 6.833254015590434216e-02
3.057395080919683039e+01 6.770621992122845267e-02
3.078089546545673727e+01 6.708402425033682670e-02
3.098924085958731922e+01 6.646594608731229425e-02
3.119899647270597853e+01 6.585198442110480610e-02
3.141017185010457169e+01 6.524213615642845965e-02
3.162277660168378901e+01 6.463639308023642893e-02
3.183682040239046174e+01 6.403474608976897353e-02
3.205231299265783207e+01 6.343718189921510042e-02
3.226926417884883591e+01 6.284367924191712473e-02
3.248768383370231305e+01 6.225421306791060344e-02
3.270758189678232952e+01 6.166876050303127244e-02
3.292896837493046291e+01 6.108730714087945435e-02
3.315185334272120343e+01 6.050984711785476616e-02
3.337624694292038185e+01 5.993638121305312760e-02
3.360215938694678073e+01 5.936690992330841826e-02
3.382960095533677247e+01 5.880142789369884049e-02
3.405858199821220467e+01 5.823992751079295344e-02
3.428911293575135488e+01 5.768239794328916537e-02
3.452120425866313269e+01 5.712882045178682006e-02
3.475486652866450044e+01 5.657917017657533576e-02
3.499011037896107013e+01 5.603342180898632230e-02
3.522694651473101146e+01 5.549155618339195878e-02
3.546538571361217862e+01 5.495356204399414607e-02
3.570543882619260501e+01 5.441943467623179542e-02
3.594711677650424519e+01 5.388917102294662337e-02
3.619043056252010615e+01 5.336276280320672444e-02
3.643539125665473222e+01 5.284019803075879623e-02
3.668201000626806518e+01 5.232146280724658122e-02
3.693029803417272916e+01 5.180653682623586470e-02
3.718026663914474028e+01 5.129539275028052042e-02
3.743192719643768385e+01 5.078800166212807388e-02
3.768529115830035892e+01 5.028433920299307108e-02
3.794037005449794009e+01 4.978438933014596446e-02
3.819717549283664226e+01 4.928814329204530414e-02
3.845571915969198074e+01 4.879559673094663319e-02
3.871601282054055559e+01 4.830674253411142149e-02
3.897806832049546699e+01 4.782156953537687605e-02
3.924189758484535417e+01 4.734006608452620557e-02
3.950751261959707961e+01 4.686221651727853765e-02
3.977492551202205817e+01 4.638799841899533122e-02
4.004414843120635226e+01 4.591738692011058942e-02
4.031519362860439060e+01 4.545035994140850244e-02
4.058807343859654537e+01 4.498690318343156330e-02
4.086280027905040413e+01 4.452700960095712368e-02
4.113938665188585730e+01 4.407067747247015582e-02
4.141784514364404401e+01 4.361790380984437859e-02
4.169818842606010634e+01 4.316868032485274981e-02
4.198042925663985159e+01 4.272299704186682812e-02
4.226458047924027994e+01 4.228084042867889802e-02
4.255065502465410532e+01 4.184218939045198510e-02
4.283866591119815581e+01 4.140701764609577840e-02
4.312862624530581712e+01 4.097529855343825383e-02
4.342054922212345502e+01 4.054701071337307033e-02
4.371444812611088793e+01 4.012213878995326416e-02
4.401033633164592374e+01 3.970067231713530348e-02
4.430822730363295392e+01 3.928260089379834868e-02
4.460813459811574688e+01 3.886790884204528035e-02
4.491007186289429853e+01 3.845657778069284938e-02
4.521405283814590348e+01 3.804858749428745301e-02
4.552009135705046106e+01 3.764391208701894920e-02
4.582820134641993803e+01 3.724252052339437069e-02
4.613839682733213721e+01 3.684438164188161280e-02
4.645069191576877188e+01 3.644946982523530193e-02
4.676510082325782491e+01 3.605776766201281708e-02
4.708163785752027053e+01 3.566926508594524953e-02
4.740031742312116592e+01 3.528395640967171148e-02
4.772115402212516244e+01 3.490183420634533629e-02
4.804416225475645774e+01 3.452288930948067824e-02
4.836935682006318160e+01 3.414711332766463131e-02
4.869675251658630799e+01 3.377449485067576807e-02
4.902636424303310037e+01 3.340501738310164281e-02
4.935820699895509733e+01 3.303866307219065906e-02
4.969229588543069553e+01 3.267541692193898922e-02
5.002864610575232263e+01 3.231527012062172799e-02
5.036727296611834248e+01 3.195821876926124155e-02
5.070819187632955050e+01 3.160426153556397666e-02
5.105141835049041532e+01 3.125339328606734079e-02
5.139696800771512386e+01 3.090560226153419437e-02
5.174485657283830164e+01 3.056087324624887427e-02
5.209509987713062884e+01 3.021918515200022401e-02
5.244771385901927374e+01 2.988050793082910536e-02
5.280271456481316505e+01 2.954480558362589798e-02
5.316011814943325930e+01 2.921204070701405656e-02
5.351994087714763992e+01 2.888217969380067057e-02
5.388219912231169673e+01 2.855519358948277464e-02
5.424690937011325076e+01 2.823105780885283578e-02
5.461408821732273822e+01 2.790974835148780572e-02
5.498375237304848184e+01 2.759123866086566484e-02
5.535591865949706403e+01 2.727550346888099955e-02
5.573060401273885134e+01 2.696251940297917510e-02
5.610782548347871312e+01 2.665226217141889939e-02
5.648760023783190576e+01 2.634470810522252307e-02
5.686994555810529306e+01 2.603983844433209460e-02
5.725487884358378210e+01 2.573764399516429227e-02
5.764241761132210229e+01 2.543812613875544304e-02
5.803257949694196327e+01 2.514129518712804323e-02
5.842538225543459163e+01 2.484716613776847757e-02
5.882084376196869613e+01 2.455575226964477886e-02
5.921898201270391837e+01 2.426706466434683934e-02
5.961981512560976881e+01 2.398111222675761156e-02
6.002336134129011924e+01 2.369789658882403768e-02
6.042963902381327301e+01 2.341740961592043285e-02
6.083866666154766989e+01 2.313963572237255975e-02
6.125046286800318995e+01 2.286455490639885749e-02
6.166504638267824845e+01 2.259214480104795517e-02
6.208243607191252522e+01 2.232237966618439914e-02
6.250265092974552061e+01 2.205522890333461508e-02
6.292571007878092360e+01 2.179065280369530885e-02
6.335163277105682056e+01 2.152860287902749400e-02
6.378043838892177320e+01 2.126902669372150723e-02
6.421214644591685783e+01 2.101186762474719152e-02
6.464677658766366619e+01 2.075706504418588574e-02
6.508434859275830320e+01 2.050455975009454063e-02
6.552488237367145985e+01 2.025429995037091035e-02
6.596839797765454705e+01 2.000624705751952170e-02
6.641491558765201830e+01 1.976037706799094185e-02
6.686445552321974617e+01 1.951668059233062011e-02
6.731703824144980786e+01 1.927515885054533612e-02
6.777268433790135305e+01 1.903582046209485387e-02
6.823141454753782398e+01 1.879868336142991730e-02
6.869324974567061304e+01 1.856377208171937701e-02
6.915821094890894472e+01 1.833111246061999364e-02
6.962631931611633718e+01 1.810073039412492257e-02
7.009759614937343031e+01 1.787265215990756911e-02
7.057206289494737916e+01 1.764690530433334070e-02
7.104974114426785547e+01 1.742351635242047822e-02
7.153065263490952930e+01 1.720250748933857890e-02
7.201481925158131503e+01 1.698389137910849556e-02
7.250226302712225390e+01 1.676766591637130627e-02
7.299300614350418925e+01 1.655381557430517583e-02
7.348707093284116354e+01 1.634231272688721828e-02
7.398447987840567919e+01 1.613311606333883014e-02
7.448525561565188013e+01 1.592617285655599166e-02
7.498942093324556879e+01 1.572142547057416018e-02
7.549699877410125737e+01 1.551881906124528976e-02
7.600801223642622517e+01 1.531830808365768418e-02
7.652248457477166710e+01 1.511986077230298084e-02
7.704043920109090493e+01 1.492346280938597509e-02
7.756189968580478933e+01 1.472911863627117748e-02
7.808688975887430672e+01 1.453685699725873123e-02
7.861543331088050479e+01 1.434673844901557423e-02
7.914755439411159443e+01 1.415885752843636623e-02
7.968327722365755506e+01 1.397334505998979078e-02
8.022262617851203004e+01 1.379037360690590040e-02
8.076562580268181080e+01 1.361016176914106764e-02
8.131230080630368207e+01 1.343297637215987508e-02
8.186267606676891262e+01 1.325912926893087554e-02
8.241677662985536301e+01 1.308897124205871815e-02
8.297462771086726718e+01 1.292288029644667741e-02
8.353625469578260265e+01 1.276124936874535425e-02
8.410168314240843301e+01 1.260447575785139315e-02
8.467093878154389586e+01 1.245294369832771093e-02
8.524404751815112036e+01 1.230700360254681491e-02
8.582103543253413136e+01 1.216695358112861169e-02
8.640192878152561207e+01 1.203302073742129261e-02
8.698675399968182376e+01 1.190534262366022174e-02
8.757553770048552622e+01 1.178394629460944448e-02
8.816830667755706941e+01 1.166872844680761148e-02
8.876508790587372744e+01 1.155943614758920754e-02
8.936590854299713271e+01 1.145565183554879754e-02
8.997079593030926503e+01 1.135678865011639088e-02
9.057977759425659769e+01 1.126208982983920720e-02
9.119288124760268488e+01 1.117063221875340059e-02
9.181013479068940342e+01 1.108134002941345460e-02
9.243156631270649370e+01 1.099300808836313655e-02
9.305720409296988294e+01 1.090433250837018371e-02
9.368707660220853484e+01 1.081394555708892549e-02
9.432121250386006750e+01 1.072045422158026881e-02
9.495964065537515353e+01 1.062248141775573237e-02
9.560239010953074512e+01 1.051870792702668325e-02
9.624949011575209568e+01 1.040791911100834993e-02
9.690097012144387634e+01 1.028905092185905014e-02
9.755685977333020276e+01 1.016122851117875862e-02
9.821718891880377100e+01 1.002380091245308469e-02
9.888198760728410264e+01 9.876371803019836498e-03
9.955128609158499842e+01 9.718821688660620600e-03
1.002251148292912717e+02 9.551319448055444264e-03
1.009035044841447331e+02 9.374320712197499114e-03
1.015864859274395968e+02 9.188554921987363011e-03
1.022740902394273661e+02 8.994999321062778844e-03
1.029663487107311965e+02 8.794845813075371707e-03
1.036632928437697814e+02 8.589462563443922560e-03
1.043649543541909708e+02 8.380345053815480699e-03
1.050713651723150122e+02 8.169062627539032395e-03
1.057825574445876384e+02 7.957206785238342753e-03
1.064985635350428765e+02 7.746340651611414996e-03
1.072194160267759315e+02 7.537952072067282371e-03
1.079451477234258476e+02 7.333409789535431759e-03
1.086757916506683017e+02 7.133927155156062454e-03
1.094113810577185575e+02 6.940533001332929892e-03
1.101519494188444810e+02 6.754053713548401235e-03
1.108975304348898305e+02 6.575110250886678082e-03
1.116481580348079063e+02 6.404122742307307575e-03
1.124038663772055457e+02 6.241322553934209802e-03
1.131646898518975490e+02 6.086774824237890270e-03
1.139306630814716499e+02 5.940407613716551516e-03
1.147018209228640728e+02 5.802044391580435737e-03
1.154781984689458056e+02 5.671434704521365229e-03
1.162598310501194732e+02 5.548281912533010486e-03
1.170467542359271960e+02 5.432265360633193804e-03
1.178390038366692067e+02 5.323056116385703647e-03
1.186366159050334232e+02 5.220330225459183897e-03
1.194396267377361625e+02 5.123774971739740967e-03
1.202480728771738399e+02 5.033086201236612427e-03
1.210619911130858810e+02 4.947962730796116523e-03
1.218814184842289450e+02 4.868100102961135482e-03
1.227063922800624169e+02 4.793183474527006570e-03
1.235369500424452980e+02 4.722880410179088224e-03
1.243731295673446766e+02 4.656834669154866387e-03
1.252149689065556544e+02 4.594663590370799688e-03
1.260625063694329526e+02 4.535958454059729576e-03
1.269157805246343003e+02 4.480292598263046176e-03
1.277748302018754742e+02 4.427235672607865088e-03
1.286396944936974194e+02 4.376367425029690193e-03
1.295104127572451773e+02 4.327293163216963667e-03
1.303870246160587953e+02 4.279661369819413516e-03
1.312695699618767264e+02 4.233178612872382819e-03
1.321580889564508539e+02 4.187619872442784746e-03
1.330526220333743481e+02 4.142830856086017303e-03
1.339532098999216316e+02 4.098723871590549163e-03
1.348598935389007352e+02 4.055265588544574792e-03
1.357727142105183873e+02 4.012461037203857335e-03
1.366917134542575525e+02 3.970337558333090697e-03
1.376169330907678443e+02 3.928924692507686049e-03
1.385484152237686430e+02 3.888234336436978932e-03
1.394862022419649463e+02 3.848247049009228919e-03
1.404303368209765779e+02 3.808904225309630437e-03
1.413808619252800440e+02 3.770107114819706666e-03
1.423378208101636915e+02 3.731720653872600598e-03
1.433012570236962517e+02 3.693583245616177419e-03
1.442712144087084880e+02 3.655520012918099092e-03
1.452477371047883423e+02 3.617358803724451347e-03
1.462308695502895830e+02 3.578950127353677964e-03
1.472206564843540093e+02 3.540183669897615810e-03
1.482171429489475258e+02 3.500998231444347152e-03
1.492203742909096889e+02 3.461387359259277506e-03
1.502303961640173782e+02 3.421399431151126835e-03
1.512472545310623104e+02 3.381131050205670244e-03
1.522709956659427348e+02 3.340713354721283525e-03
1.533016661557691123e+02 3.300293346906925211e-03
1.543393129029841759e+02 3.260013099815887733e-03
1.553839831274973733e+02 3.219988860107343871e-03
1.564357243688335188e+02 3.180296631166637609e-03
1.574945844882963684e+02 3.140964225761715741e-03
1.585606116711465461e+02 3.101967504941197107e-03
1.596338544287941943e+02 3.063234808874469757e-03
1.607143616010067433e+02 3.024660295711459855e-03
1.618021823581313470e+02 2.986122278627788718e-03
1.628973662033324956e+02 2.947503754963094833e-03
1.639999629748446637e+02 2.908710804693057962e-03
1.651100228482404759e+02 2.869687597483529338e-03
1.662275963387138233e+02 2.830424051774625173e-03
1.673527343033787815e+02 2.790958064850928948e-03
1.684854879435838484e+02 2.751372771993242095e-03
1.696259088072420411e+02 2.711784584192335201e-03
1.707740487911766820e+02 2.672326071528916512e-03
1.719299601434829015e+02 2.633128597606464519e-03
1.730936954659054834e+02 2.594305177585496964e-03
1.742653077162324280e+02 2.555936389406813190e-03
1.754448502107050558e+02 2.518059815684093629e-03
1.766323766264440280e+02 2.480666505889567511e-03
1.778279410038922492e+02 2.443703759612910528e-03
1.790315977492739421e+02 2.407085251894866725e-03
1.802434016370704910e+02 2.370709042585685770e-03
1.814634078125131396e+02 2.334475947683432515e-03
1.826916717940924002e+02 2.298305555255987943e-03
1.839282494760844600e+02 2.262150381335481953e-03
1.851731971310949234e+02 2.226005278047442359e-03
1.864265714126194382e+02 2.189910566328691615e-03
1.876884293576218283e+02 2.153947110168847809e-03
1.889588283891297635e+02 2.118224670735001109e-03
1.902378263188477945e+02 2.082864685957633820e-03
1.915254813497881798e+02 2.047979892777550791e-03
1.928218520789195622e+02 2.013657294090516990e-03
1.941269974998334646e+02 1.979945226110699490e-03
1.954409770054290050e+02 1.946845243638299855e-03
1.967638503906155734e+02 1.914313166387718009e-03
1.980956778550338413e+02 1.882269133651629477e-03
1.994365200057954723e+02 1.850613074414916371e-03
2.007864378602409090e+02 1.819242398746897258e-03
2.021454928487162590e+02 1.788068727564237886e-03
2.035137468173686557e+02 1.757032451201911722e-03
2.048912620309608030e+02 1.726111893024252645e-03
2.062781011757042791e+02 1.695328279804221962e-03
2.076743273621123365e+02 1.664744831340564868e-03
2.090800041278717742e+02 1.634455953737986092e-03
2.104951954407343351e+02 1.604570400946983555e-03
2.119199657014276852e+02 1.575193179654862507e-03
2.133543797465860621e+02 1.546408208179417482e-03
2.147985028517008175e+02 1.518265474540875975e-03
2.162524007340908554e+02 1.490773467171520577e-03
2.177161395558931645e+02 1.463899028497754129e-03
2.191897859270738138e+02 1.437572596489174051e-03
2.206734069084589294e+02 1.411699368747038530e-03
2.221670700147865887e+02 1.386176144334236651e-03
2.236708432177790939e+02 1.360907576230914072e-03
2.251847949492361636e+02 1.335820388268576294e-03
2.267089941041490988e+02 1.310875292533032060e-03
2.282435100438358972e+02 1.286073059605550521e-03
2.297884125990976827e+02 1.261453578627461103e-03
2.313437720733965079e+02 1.237086851156137196e-03
2.329096592460545310e+02 1.213058872836895140e-03
2.344861453754751608e+02 1.189454531948986975e-03
2.360733022023855199e+02 1.166341150637272830e-03
2.376712019531013595e+02 1.143757897739826291e-03
2.392799173428137181e+02 1.121710088252092421e-03
2.408995215788980033e+02 1.100168501816509463e-03
2.425300883642453869e+02 1.079076057359127424e-03
2.441716919006168212e+02 1.058360237102988228e-03
2.458244068920196810e+02 1.037947933760141692e-03
2.474883085481073408e+02 1.017779113011754158e-03
2.491634725876016319e+02 9.978168142077354155e-04
2.508499752417386901e+02 9.780523505622791634e-04
2.525478932577378544e+02 9.585044429218405855e-04
2.542573039022943249e+02 9.392150820524086761e-04
2.559782849650951277e+02 9.202417083747845309e-04
2.577109147623592662e+02 9.016443536635663711e-04
2.594552721404015188e+02 8.834719243316342761e-04
2.612114364792204242e+02 8.657512891734291246e-04
2.629794876961108798e+02 8.484806100829069171e-04
2.647595062493005571e+02 8.316291156389970379e-04
2.665515731416114704e+02 8.151428449856835652e-04
2.683557699241462160e+02 7.989559656180044572e-04
2.701721786999989376e+02 7.830031850924699943e-04
2.720008821279917584e+02 7.672314678333680199e-04
2.738419634264360525e+02 7.516091354101198368e-04
2.756955063769197523e+02 7.361283861376834159e-04
2.775615953281197221e+02 7.208034199380959108e-04
2.794403151996402244e+02 7.056669149117057250e-04
2.813317514858775894e+02 6.907642098743933248e-04
2.832359902599103521e+02 6.761458713717272270e-04
2.851531181774165020e+02 6.618579403899999903e-04
2.870832224806168256e+02 6.479319147681839725e-04
2.890263910022449636e+02 6.343754381231950148e-04
2.909827121695442997e+02 6.211674509548487100e-04
2.929522750082923039e+02 6.082623611940100698e-04
2.949351691468513081e+02 5.956009029749118056e-04
2.969314848202478174e+02 5.831246906219438248e-04
2.989413128742782533e+02 5.707910269509229020e-04
3.009647447696433460e+02 5.585822601037293122e-04
3.030018725861102098e+02 5.465066348460833516e-04
3.050527890267024986e+02 5.345907012731213222e-04
3.071175874219189836e+02 5.228684415683710696e-04
3.091963617339808366e+02 5.113732003187732586e-04
3.112892065611075054e+02 5.001350156621436416e-04
3.133962171418215235e+02 4.891823327772612659e-04
3.155174893592825356e+02 4.785405428378646745e-04
3.176531197456507130e+02 4.682229546559242626e-04
3.198032054864793849e+02 4.582194579560253133e-04
3.219678444251378551e+02 4.484908776897595858e-04
3.241471350672638323e+02 4.389751857406795957e-04
3.263411765852462167e+02 4.296069522977624764e-04
3.285500688227378987e+02 4.203419956635213225e-04
3.307739122991995373e+02 4.111737982374007411e-04
3.330128082144736368e+02 4.021296371423265133e-04
3.352668584533901139e+02 3.932499449866161683e-04
3.375361655904025042e+02 3.845650707640532154e-04
3.398208328942558865e+02 3.760826802166761934e-04
3.421209643326862420e+02 3.677931596776498396e-04
3.444366645771518165e+02 3.596871038410797512e-04
3.467680390075962578e+02 3.517689368582502902e-04
3.491151937172441535e+02 3.440546061670876035e-04
3.514782355174289705e+02 3.365525644793937281e-04
3.538572719424536785e+02 3.292436712286281862e-04
3.562524112544844002e+02 3.220775497418657310e-04
3.586637624484768025e+02 3.149927085529835341e-04
3.610914352571364816e+02 3.079493354817750255e-04
3.635355401559121447e+02 3.009509442416302759e-04
3.659961883680232972e+02 2.940409288860344121e-04
3.684734918695215242e+02 2.872775190680815476e-04
3.709675633943860475e+02 2.807028046738872253e-04
3.734785164396540154e+02 2.743255031548010947e-04
3.760064652705854655e+02 2.681262190616645201e-04
3.785515249258629069e+02 2.620785144605668735e-04
3.811138112228265982e+02 2.561675516565244592e-04
3.836934407627448422e+02 2.503930316517183146e-04
3.862905309361202058e+02 2.447587598027318838e-04
3.889051999280316636e+02 2.392590780865086074e-04
3.915375667235126116e+02 2.338736780343663932e-04
3.941877511129656000e+02 2.285754662482313612e-04
3.968558736976137311e+02 2.233446598395011752e-04
3.995420558949885503e+02 2.181787917969195585e-04
4.022464199444555675e+02 2.130932012536102948e-04
4.049690889127769537e+02 2.081137030731633594e-04
4.077101866997117554e+02 2.032673007749242848e-04
4.104698380436543061e+02 1.985738891717657960e-04
4.132481685273107814e+02 1.940403887049317458e-04
4.160453045834136674e+02 1.896570528309878521e-04
4.188613735004756791e+02 1.853968225779474869e-04
4.216965034285821616e+02 1.812217127776302587e-04
4.245508233852225999e+02 1.770973152094334265e-04
4.274244632611619181e+02 1.730091322473453004e-04
4.303175538263514568e+02 1.689700218631588562e-04
4.332302267358797394e+02 1.650109883931955436e-04
4.361626145359638258e+02 1.611605629436793381e-04
4.391148506699807399e+02 1.574262127380014298e-04
4.420870694845405637e+02 1.537926550218562613e-04
4.450794062355994924e+02 1.502382459999835609e-04
4.480919970946154649e+02 1.467537729361786665e-04
4.511249791547444374e+02 1.433496013234393377e-04
4.541784904370794038e+02 1.400465487571309433e-04
4.572526698969309678e+02 1.368561568078120207e-04
4.603476574301509459e+02 1.337662926997081460e-04
4.634635938794985464e+02 1.307437402676533608e-04
4.666006210410495214e+02 1.277527213404063987e-04
4.697588816706490888e+02 1.247755765668038868e-04
4.729385194904079981e+02 1.218205178695226106e-04
4.761396791952431045e+02 1.189126429330505106e-04
4.793625064594618834e+02 1.160774050131551820e-04
4.826071479433913964e+02 1.133297885478366183e-04
4.858737513000527315e+02 1.106733697359838295e-04
4.891624651818797247e+02 1.081037016848566674e-04
4.924734392474840092e+02 1.056100376063131646e-04
4.958068241684654822e+02 1.031756363997712877e-04
4.991627716362685305e+02 1.007819057166306514e-04
5.025414343690854366e+02 9.841546644505277442e-05
5.059429661188057707e+02 9.607279942013612442e-05
5.093675216780133610e+02 9.376239326902818371e-05
5.128152568870302730e+02 9.150168122216035009e-05
5.162863286410084811e+02 8.930539739386625364e-05
5.197808948970699703e+02 8.717249985680820541e-05
5.232991146814945296e+02 8.508582354935641202e-05
5.268411480969568856e+02 8.302914941288132614e-05
5.304071563298118690e+02 8.100520605055421073e-05
5.339973016574301710e+02 7.903312065187988536e-05
5.376117474555824174e+02 7.712961682529537611e-05
5.412506582058742879e+02 7.529653320491569131e-05
5.449141995032316572e+02 7.352328309608357007e-05
5.486025380634355315e+02 7.179324606058364684e-05
5.523158417307097352e+02 7.008855352292334877e-05
5.560542794853581654e+02 6.839979126473420216e-05
5.598180214514547970e+02 6.673496369897946481e-05
5.636072389045856426e+02 6.511119552973162756e-05
5.674221042796427810e+02 6.353673198854515865e-05
5.712627911786712502e+02 6.200861080585513363e-05
5.751294743787692596e+02 6.052802039101642446e-05
5.790223298400417207e+02 5.910401525261502312e-05
5.829415347136073251e+02 5.773611558165271922e-05
5.868872673496604193e+02 5.640537490891126134e-05
5.908597073055871078e+02 5.509031941620211580e-05
5.948590353541362674e+02 5.378437664168952194e-05
5.988854334916459266e+02 5.249228948031166119e-05
6.029390849463252380e+02 5.122064839039392798e-05
6.070201741865927261e+02 4.997971922264482318e-05
6.111288869294708093e+02 4.878193803315835009e-05
6.152654101490370522e+02 4.762792311543031078e-05
6.194299320849330570e+02 4.650071553230056390e-05
6.236226422509300846e+02 4.538408154214469768e-05
6.278437314435540202e+02 4.428101294836347626e-05
6.320933917507668411e+02 4.320498501960213421e-05
6.363718165607091350e+02 4.215887892162779855e-05
6.406792005704994608e+02 4.113426998504001049e-05
6.450157397950948734e+02 4.012630709949827166e-05
6.493816315762111344e+02 3.913726470664696393e-05
6.537770745913027213e+02 3.816871561987985988e-05
6.582022688626040008e+02 3.721878673087325971e-05
6.626574157662319067e+02 3.628658675549098722e-05
6.671427180413493261e+02 3.537318392724179934e-05
6.716583797993920371e+02 3.448071339109224785e-05
6.762046065333560136e+02 3.361365621934069215e-05
6.807816051271497599e+02 3.277868083869677802e-05
6.853895838650081487e+02 3.198059596274449497e-05
6.900287524409711750e+02 3.121715530908470782e-05
6.946993219684263750e+02 3.047801797252445803e-05
6.994015049897159315e+02 2.975054022583231123e-05
7.041355154858085825e+02 2.902751119718745705e-05
7.089015688860374667e+02 2.831225134746052395e-05
7.136998820779034531e+02 2.761614667824460436e-05
7.185306734169448646e+02 2.694558208143039914e-05
7.233941627366746161e+02 2.629462008819750756e-05
7.282905713585832927e+02 2.565800056982282524e-05
7.332201221022116897e+02 2.504106620910238890e-05
7.381830392952898592e+02 2.444776280025017171e-05
7.431795487839460748e+02 2.387087818585585265e-05
7.482098779429837805e+02 2.329953883382796456e-05
7.532742556862292531e+02 2.272983265431604633e-05
7.583729124769483860e+02 2.216610385662111556e-05
7.635060803383344137e+02 2.161116738185319682e-05
7.686739928640664630e+02 2.106434836738730229e-05
7.738768852289399547e+02 2.053213707517030553e-05
7.791149941995678319e+02 2.002136640271808929e-05
7.843885581451561393e+02 1.952469060618663909e-05
7.896978170483504300e+02 1.903299214020518314e-05
7.950430125161573187e+02 1.854847385053706818e-05
8.004243877909389084e+02 1.807725515797058835e-05
8.058421877614816822e+02 1.762376728056835618e-05
8.112966589741411099e+02 1.718645860909041547e-05
8.167880496440610614e+02 1.675903631555794197e-05
8.223166096664689348e+02 1.634148764716476308e-05
8.278825906280478648e+02 1.593743010540950265e-05
8.334862458183855551e+02 1.554652440850802216e-05
8.391278302415004191e+02 1.516813871208422082e-05
8.448076006274466181e+02 1.479802233984355869e-05
8.505258154439960663e+02 1.443038726855192066e-05
8.562827349084013804e+02 1.407049274461682818e-05
8.620786209992368185e+02 1.372487580886213724e-05
8.679137374683206190e+02 1.338958545477269443e-05
8.737883498527170332e+02 1.306183334459173708e-05
8.797027254868202135e+02 1.274255875496578429e-05
8.856571335145198418e+02 1.242961670573611430e-05
8.916518449014487260e+02 1.211987086067248186e-05
8.976871324473139566e+02 1.181183114744053902e-05
9.037632707983108276e+02 1.150874183899078711e-05
9.098805364596209984e+02 1.121629098171644490e-05
9.160392078079956946e+02 1.093333387670997588e-05
9.222395651044232636e+02 1.065474340510850030e-05
9.284818905068835875e+02 1.038369598365394727e-05
9.347664680831875330e+02 1.012589166838882260e-05
9.410935838239040550e+02 9.879021844944804929e-06
9.474635256553751788e+02 9.637841448593898713e-06
9.538765834528179539e+02 9.399013015173831085e-06
9.603330490535162198e+02 9.162226211500494431e-06
9.668332162701007064e+02 8.928935934689204751e-06
9.733773809039199705e+02 8.702989872812977185e-06
9.799658407585011446e+02 8.485553285305906336e-06
9.865988956531016356e+02 8.272405979043465042e-06
9.932768474363537052e+02 8.062830647605779343e-06
9.999999999999997726e+02 7.859526047207606957e-06
