1.000000000000000000e+00 2.443070206970177960e+00
1.006768659292722301e+00 2.430367013757845918e+00
1.013583133334065689e+00 2.417710709403555036e+00
1.020443732228454081e+00 2.405101206671065306e+00
1.027350768179302598e+00 2.392538412919792190e+00
1.034304555503224865e+00 2.380022233971668566e+00
1.041305410644336904e+00 2.367552578716890288e+00
1.048353652188656726e+00 2.355129360285884044e+00
1.055449600878602956e+00 2.342752493258847046e+00
1.062593579627590046e+00 2.330421890122482242e+00
1.069785913534723631e+00 2.318137460203699263e+00
1.077026929899593810e+00 2.305899110976672439e+00
1.084316958237171002e+00 2.293706749036992676e+00
1.091656330292799515e+00 2.281560279225634424e+00
1.099045380057295240e+00 2.269459603737027820e+00
1.106484443782143501e+00 2.257404624091821521e+00
1.113973859994802362e+00 2.245395245768653236e+00
1.121513969514106090e+00 2.233431381482930078e+00
1.129105115465775633e+00 2.221512949420771488e+00
1.136747643298033461e+00 2.209639867447095618e+00
1.144441900797322997e+00 2.197812048296210019e+00
1.152188238104135731e+00 2.186029399429964659e+00
1.159987007728944697e+00 2.174291826211351086e+00
1.167838564568246529e+00 2.162599234262504222e+00
1.175743265920710989e+00 2.150951529291110997e+00
1.183701471503440850e+00 2.139348616556514315e+00
1.191713543468341907e+00 2.127790402166044537e+00
1.199779846418602025e+00 2.116276794841688069e+00
1.207900747425284305e+00 2.104807705179248423e+00
1.216076616044030834e+00 2.093383042582322773e+00
1.224307824331879679e+00 2.082002713728964505e+00
1.232594746864196456e+00 2.070666624992391291e+00
1.240937760751719576e+00 2.059374686022199974e+00
1.249337245657721862e+00 2.048126809781779301e+00
1.257793583815287164e+00 2.036922908670693477e+00
1.266307160044705116e+00 2.025762891186806858e+00
1.274878361770982682e+00 2.014646662406235134e+00
1.283507579041474500e+00 2.003574126480319517e+00
1.292195204543633125e+00 1.992545187819894092e+00
1.300941633622878735e+00 1.981559751180774320e+00
1.309747264300589853e+00 1.970617723022966672e+00
1.318612497292215746e+00 1.959719013497372098e+00
1.327537736025512505e+00 1.948863535562316951e+00
1.336523386658901247e+00 1.938051200815341879e+00
1.345569858099950888e+00 1.927281916606665702e+00
1.354677562023986148e+00 1.916555587780489178e+00
1.363846912892822338e+00 1.905872120212983356e+00
1.373078327973625168e+00 1.895231421499196101e+00
1.382372227357899552e+00 1.884633399120025254e+00
1.391729033980606989e+00 1.874077959796011772e+00
1.401149173639411494e+00 1.863565010512631348e+00
1.410633075014056104e+00 1.853094458494799479e+00
1.420181169685871492e+00 1.842666210124075388e+00
1.429793892157415147e+00 1.832280171751921705e+00
1.439471679872244225e+00 1.821936252072067886e+00
1.449214973234822290e+00 1.811634361848473151e+00
1.459024215630560617e+00 1.801374410305377260e+00
1.468899853445995385e+00 1.791156303043664799e+00
1.478842336089101206e+00 1.780979944103487034e+00
1.488852116009742099e+00 1.770845238600711635e+00
1.498929648720260799e+00 1.760752092896036070e+00
1.509075392816208172e+00 1.750700414224972246e+00
1.519289809997212304e+00 1.740690111200500212e+00
1.529573365087988579e+00 1.730721092922084647e+00
1.539926526059491874e+00 1.720793266593962256e+00
1.550349764050214185e+00 1.710906537522942195e+00
1.560843553387622817e+00 1.701060811851021315e+00
1.571408371609745780e+00 1.691255997307162806e+00
1.582044699486903738e+00 1.681492000920688179e+00
1.592753021043588069e+00 1.671768728099473078e+00
1.603533823580486350e+00 1.662086084255925078e+00
1.614387597696659071e+00 1.652443975645645491e+00
1.625314837311864435e+00 1.642842309110449817e+00
1.636316039689035051e+00 1.633280992720034019e+00
1.647391705456906941e+00 1.623759935501363660e+00
1.658542338632801538e+00 1.614279044740107194e+00
1.669768446645562010e+00 1.604838224860938967e+00
1.681070540358644116e+00 1.595437380025775509e+00
1.692449134093364504e+00 1.586076416029908120e+00
1.703904745652305541e+00 1.576755239390932317e+00
1.715437896342878910e+00 1.567473756868698276e+00
1.727049111001048187e+00 1.558231875764902297e+00
1.738738918015213519e+00 1.549029503032709698e+00
1.750507849350255274e+00 1.539866545095755379e+00
1.762356440571743343e+00 1.530742909096965754e+00
1.774285230870308538e+00 1.521658502062783302e+00
1.786294763086178961e+00 1.512613228856681591e+00
1.798385583733883575e+00 1.503606993264382741e+00
1.810558243027121872e+00 1.494639700349430500e+00
1.822813294903802506e+00 1.485711256565585447e+00
1.835151297051251129e+00 1.476821569346252971e+00
1.847572810931588538e+00 1.467970546627725081e+00
1.860078401807282011e+00 1.459158095078940232e+00
1.872668638766866955e+00 1.450384119952164763e+00
1.885344094750846189e+00 1.441648526985866763e+00
1.898105346577760866e+00 1.432951222150471438e+00
1.910952974970440366e+00 1.424292110444468129e+00
1.923887564582429599e+00 1.415671096875966706e+00
1.936909704024593504e+00 1.407088087206425309e+00
1.950019985891903840e+00 1.398542987766007606e+00
1.963219006790405397e+00 1.390035705671220256e+00
1.976507367364366718e+00 1.381566147565052027e+00
1.989885672323611798e+00 1.373134218488737623e+00
2.003354530471040285e+00 1.364739823634521176e+00
2.016914554730330433e+00 1.356382869218442311e+00
2.030566362173833017e+00 1.348063261358569465e+00
2.044310574050650420e+00 1.339780905898469321e+00
2.058147815814908910e+00 1.331535708184661937e+00
2.072078717154220762e+00 1.323327573194780893e+00
2.086103912018339113e+00 1.315156406681717849e+00
2.100224038648006442e+00 1.307022114428534332e+00
2.114439739604000223e+00 1.298924601636824994e+00
2.128751661796372652e+00 1.290863774312766221e+00
2.143160456513888867e+00 1.282839539171397369e+00
2.157666779453666805e+00 1.274851802758079078e+00
2.172271290751014217e+00 1.266900470857686312e+00
2.186974655009469970e+00 1.258985447883474329e+00
2.201777541331048305e+00 1.251106638338703947e+00
2.216680623346686030e+00 1.243263947697068605e+00
2.231684579246899336e+00 1.235457281408220309e+00
2.246790091812644441e+00 1.227686545201559287e+00
2.261997848446388737e+00 1.219951645135135321e+00
2.277308541203393322e+00 1.212252487356215713e+00
2.292722866823205585e+00 1.204588977894645252e+00
2.308241526761365847e+00 1.196961021839122230e+00
2.323865227221326712e+00 1.189368524368333180e+00
2.339594679186592696e+00 1.181811391294190994e+00
2.355430598453073010e+00 1.174289528031283503e+00
2.371373705661655062e+00 1.166802839605015185e+00
2.387424726330999558e+00 1.159351230743217442e+00
2.403584390890554978e+00 1.151934606777391679e+00
2.419853434713798990e+00 1.144552873519134595e+00
2.436232598151700568e+00 1.137205936601557443e+00
2.452722626566413489e+00 1.129893702167795055e+00
2.469324270365192753e+00 1.122616076356246939e+00
2.486038285034545048e+00 1.115372964716941251e+00
2.502865431174607913e+00 1.108164271981671112e+00
2.519806474533761609e+00 1.100989902772368634e+00
2.536862186043476353e+00 1.093849762469775833e+00
2.554033341853395811e+00 1.086743756320275978e+00
2.571320723366654626e+00 1.079671789640637369e+00
2.588725117275439747e+00 1.072633767888955036e+00
2.606247315596790237e+00 1.065629596780574007e+00
2.623888115708637336e+00 1.058659181960452278e+00
2.641648320386092319e+00 1.051722429129726466e+00
2.659528737837978163e+00 1.044819244359993071e+00
2.677530181743607685e+00 1.037949533010483094e+00
2.695653471289811254e+00 1.031113199812508929e+00
2.713899431208216306e+00 1.024310149363092837e+00
2.732268891812777767e+00 1.017540286917113290e+00
2.750762689037562492e+00 1.010803517796380113e+00
2.769381664474790838e+00 1.004099747568651280e+00
2.788126665413133143e+00 9.974288820058899718e-01
2.806998544876269097e+00 9.907908267956254678e-01
2.825998161661703811e+00 9.841854875154720794e-01
2.845126380379851661e+00 9.776127700071718385e-01
2.864384071493379480e+00 9.710725800137325336e-01
2.883772111356819323e+00 9.645648225201551851e-01
2.903291382256448117e+00 9.580894023084239874e-01
2.922942772450439097e+00 9.516462243978004443e-01
2.942727176209281481e+00 9.452351940754567527e-01
2.962645493856477241e+00 9.388562168978856759e-01
2.982698631809511003e+00 9.325091987712713637e-01
3.002887502621098825e+00 9.261940453946868601e-01
3.023213025020715428e+00 9.199106624795092557e-01
3.043676123956401192e+00 9.136589560062829962e-01
3.064277730636856045e+00 9.074388317576824736e-01
3.085018782573813567e+00 9.012501949378816102e-01
3.105900223624704637e+00 8.950929506179693407e-01
3.126923004035610631e+00 8.889670038496085835e-01
3.148088080484503948e+00 8.828722599149482209e-01
3.169396416124783844e+00 8.768086245664201694e-01
3.190848980629108045e+00 8.707760036217470079e-01
3.212446750233517001e+00 8.647743028247844022e-01
3.234190707781861018e+00 8.588034282665049091e-01
3.256081842770524926e+00 8.528632860904989954e-01
3.278121151393458721e+00 8.469537821282977497e-01
3.300309636587507534e+00 8.410748219499367684e-01
3.322648308078056889e+00 8.352263107911958029e-01
3.345138182424977735e+00 8.294081539108558720e-01
3.367780283068889435e+00 8.236202569197916823e-01
3.390575640377730959e+00 8.178625254707964087e-01
3.413525291693651820e+00 8.121348653755183777e-01
3.436630281380216978e+00 8.064371828091567718e-01
3.459891660869932384e+00 8.007693840387730688e-01
3.483310488712092479e+00 7.951313753865200118e-01
3.506887830620950997e+00 7.895230629507310471e-01
3.530624759524218614e+00 7.839443524855571610e-01
3.554522355611887896e+00 7.783951497444719925e-01
3.578581706385389527e+00 7.728753603327406241e-01
3.602803906707081616e+00 7.673848897936061952e-01
3.627190058850071175e+00 7.619236439866666766e-01
3.651741272548377104e+00 7.564915290421008187e-01
3.676458665047429353e+00 7.510884513932095663e-01
3.701343361154912692e+00 7.457143175108910116e-01
3.726396493291950218e+00 7.403690338197896903e-01
3.751619201544638571e+00 7.350525068698080533e-01
3.777012633715929546e+00 7.297646429398062518e-01
3.802577945377860758e+00 7.245053480163524684e-01
3.828316299924144239e+00 7.192745279342931397e-01
3.854228868623106319e+00 7.140720885922722250e-01
3.880316830670990758e+00 7.088979362024832032e-01
3.906581373245619382e+00 7.037519770862371571e-01
3.933023691560414647e+00 6.986341178314785516e-01
3.959644988918792130e+00 6.935442652619219217e-01
3.986446476768918945e+00 6.884823262551992284e-01
4.013429374758841206e+00 6.834482076521820604e-01
4.040594910791988070e+00 6.784418160617339266e-01
4.067944321083047043e+00 6.734630580110821940e-01
4.095478850214223421e+00 6.685118397658663669e-01
4.123199751191873652e+00 6.635880675512854099e-01
4.151108285503529061e+00 6.586916478106552564e-01
4.179205723175299703e+00 6.538224872759106354e-01
4.207493342829669025e+00 6.489804929136745448e-01
4.235972431743680211e+00 6.441655717861568542e-01
4.264644285907518650e+00 6.393776312147351204e-01
4.293510210083481660e+00 6.346165784695200207e-01
4.322571517865362090e+00 6.298823207005507241e-01
4.351829531738218293e+00 6.251747648312648842e-01
4.381285583138561535e+00 6.204938176811907180e-01
4.410941012514943083e+00 6.158393859361398492e-01
4.440797169388953414e+00 6.112113764097748536e-01
4.470855412416632646e+00 6.066096962251915636e-01
4.501117109450304632e+00 6.020342527482867023e-01
4.531583637600817838e+00 5.974849535116170118e-01
4.562256383300213436e+00 5.929617062229610713e-01
4.593136742364820613e+00 5.884644186867649118e-01
4.624226120058772871e+00 5.839929985675242907e-01
4.655525931157957764e+00 5.795473533961282842e-01
4.687037600014400951e+00 5.751273905205854797e-01
4.718762560621077462e+00 5.707330171739816160e-01
4.750702256677175939e+00 5.663641406606341189e-01
4.782858141653790973e+00 5.620206685660930068e-01
4.815231678860068421e+00 5.577025087032108086e-01
4.847824341509796575e+00 5.534095691183450461e-01
4.880637612788442325e+00 5.491417580451339875e-01
4.913672985920653602e+00 5.448989837986467633e-01
4.946931964238204138e+00 5.406811546627826592e-01
4.980416061248410742e+00 5.364881788247173322e-01
5.014126800703003539e+00 5.323199642475077153e-01
5.048065716667470504e+00 5.281764187761847085e-01
5.082234353590864728e+00 5.240574503306696386e-01
5.116634266376091311e+00 5.199629669943739430e-01
5.151267020450659651e+00 5.158928771268797009e-01
5.186134191837926899e+00 5.118470893716705605e-01
5.221237367228816595e+00 5.078255125157907779e-01
5.256578144054018686e+00 5.038280554820320223e-01
5.292158130556691376e+00 4.998546272562592874e-01
5.327978945865640803e+00 4.959051366907553104e-01
5.364042220069003442e+00 4.919794924816033865e-01
5.400349594288428534e+00 4.880776032032844158e-01
5.436902720753758800e+00 4.841993774051155941e-01
5.473703262878216513e+00 4.803447238160948873e-01
5.510752895334102064e+00 4.765135514308350695e-01
5.548053304129002328e+00 4.727057694964539314e-01
5.585606186682514185e+00 4.689212874886933835e-01
5.623413251903490284e+00 4.651600150098395559e-01
5.661476220267805282e+00 4.614218617485100205e-01
5.699796823896647879e+00 4.577067373570126718e-01
5.738376806635345773e+00 4.540145513167725411e-01
5.777217924132720839e+00 4.503452129862049458e-01
5.816321943920984339e+00 4.466986316889997588e-01
5.855690645496170355e+00 4.430747168564388994e-01
5.895325820399115457e+00 4.394733781889683666e-01
5.935229272296986380e+00 4.358945256511772559e-01
5.975402817065356587e+00 4.323380694461183005e-01
6.015848282870845942e+00 4.288039199403798074e-01
6.056567510254307507e+00 4.252919876094177210e-01
6.097562352214591641e+00 4.218021829455737559e-01
6.138834674292862559e+00 4.183344163105301439e-01
6.180386354657501968e+00 4.148885979396809698e-01
6.222219284189568711e+00 4.114646380059978070e-01
6.264335366568855257e+00 4.080624467632422703e-01
6.306736518360510857e+00 4.046819346984941723e-01
6.349424669102263330e+00 4.013230125742427434e-01
6.392401761392223491e+00 3.979855914201744782e-01
6.435669750977286441e+00 3.946695824370797800e-01
6.479230606842130591e+00 3.913748969810947886e-01
6.523086311298824214e+00 3.881014464566674982e-01
6.567238860077027063e+00 3.848491421933138978e-01
6.611690262414815500e+00 3.816178954030289838e-01
6.656442541150111580e+00 3.784076172080072520e-01
6.701497732812740082e+00 3.752182187995379836e-01
6.746857887717101043e+00 3.720496115452551766e-01
6.792525070055474679e+00 3.689017071128621317e-01
6.838501357991956020e+00 3.657744174331681863e-01
6.884788843757022825e+00 3.626676546526494960e-01
6.931389633742750078e+00 3.595813310780569538e-01
6.978305848598663097e+00 3.565153591166199121e-01
7.025539623328239003e+00 3.534696511481675851e-01
7.073093107386069889e+00 3.504441194471012433e-01
7.120968464775669027e+00 3.474386762033951914e-01
7.169167874147955644e+00 3.444532336284845675e-01
7.217693528900394284e+00 3.414877040990753065e-01
7.266547637276808302e+00 3.385420002585861621e-01
7.315732422467871920e+00 3.356160350493589406e-01
7.365250122712279968e+00 3.327097216395175083e-01
7.415102991398601517e+00 3.298229733847820033e-01
7.465293297167824527e+00 3.269557037724084014e-01
7.515823324016598583e+00 3.241078263147537109e-01
7.566695371401162440e+00 3.212792544472615752e-01
7.617911754341997188e+00 3.184699015222993146e-01
7.669474803529163331e+00 3.156796808891070283e-01
7.721386865428371493e+00 3.129085060317914890e-01
7.773650302387757449e+00 3.101562906832906474e-01
7.826267492745389021e+00 3.074229488835270585e-01
7.879240830937490614e+00 3.047083949268257208e-01
7.932572727607413832e+00 3.020125433099564716e-01
7.986265609715330172e+00 2.993353086945265695e-01
8.040321920648679566e+00 2.966766058128211259e-01
8.094744120333357884e+00 2.940363493605692713e-01
8.149534685345662055e+00 2.914144539576509763e-01
8.204696109024990136e+00 2.888108342049978683e-01
8.260230901587306107e+00 2.862254048088733738e-01
8.316141590239366721e+00 2.836580807029335238e-01
8.372430719293735280e+00 2.811087771263149904e-01
8.429100850284557467e+00 2.785774095994956734e-01
8.486154562084131214e+00 2.760638938640530005e-01
8.543594451020259939e+00 2.735681458494713114e-01
8.601423130994410471e+00 2.710900816010786141e-01
8.659643233600652579e+00 2.686296171696644919e-01
8.718257408245424500e+00 2.661866685480406836e-01
8.777268322268090728e+00 2.637611517003631834e-01
8.836678661062329354e+00 2.613529826699784175e-01
8.896491128198329434e+00 2.589620777029931764e-01
8.956708445545832120e+00 2.565883533413393924e-01
9.017333353397981810e+00 2.542317264305984370e-01
9.078368610596033506e+00 2.518921140587834229e-01
9.139816994654903937e+00 2.495694335188596569e-01
9.201681301889557574e+00 2.472636022590363469e-01
9.263964347542261280e+00 2.449745377765683851e-01
9.326668965910702269e+00 2.427021575375703510e-01
9.389798010476960499e+00 2.404463789780635630e-01
9.453354354037360352e+00 2.382071195904907068e-01
9.517340888833214052e+00 2.359842970455229560e-01
9.581760526682421286e+00 2.337778292945361103e-01
9.646616199111990753e+00 2.315876346077923031e-01
9.711910857491437454e+00 2.294136315218696376e-01
9.777647473167087711e+00 2.272557387948658802e-01
9.843829037597304321e+00 2.251138753719015007e-01
9.910458562488608791e+00 2.229879602922589243e-01
9.977539079932736144e+00 2.208779125974262569e-01
1.004507364254462409e+01 2.187836513056795329e-01
1.011306532360131527e+01 2.167050954738171109e-01
1.018151721718181690e+01 2.146421643125947798e-01
1.025043243830790907e+01 2.125947772941134684e-01
1.031981412308588375e+01 2.105628542137142345e-01
1.038966542884927691e+01 2.085463151562089723e-01
1.045998953430253486e+01 2.065450804443180188e-01
1.053078963966567017e+01 2.045590706096037104e-01
1.060206896681989797e+01 2.025882063196965677e-01
1.067383075945424764e+01 2.006324082795969133e-01
1.074607828321317449e+01 1.986915971832972361e-01
1.081881482584516796e+01 1.967656937498904191e-01
1.089204369735236710e+01 1.948546188268966139e-01
1.096576823014119029e+01 1.929582934991581344e-01
1.103999177917397567e+01 1.910766391669383168e-01
1.111471772212165909e+01 1.892095775388168144e-01
1.118994945951748576e+01 1.873570305762483346e-01
1.126569041491174161e+01 1.855189204623148291e-01
1.134194403502756821e+01 1.836951695503876991e-01
1.141871378991779551e+01 1.818857002655601129e-01
1.149600317312286002e+01 1.800904350386734742e-01
1.157381570182978336e+01 1.783092963167350331e-01
1.165215491703223094e+01 1.765422066484914343e-01
1.173102438369164169e+01 1.747890887927338599e-01
1.181042769089946809e+01 1.730498658059990424e-01
1.189036845204050152e+01 1.713244610641411203e-01
1.197085030495729896e+01 1.696127982099132070e-01
1.205187691211573586e+01 1.679148011156157416e-01
1.213345196077167465e+01 1.662303938483595811e-01
1.221557916313875403e+01 1.645595005805789435e-01
1.229826225655731875e+01 1.629020455114328358e-01
1.238150500366450224e+01 1.612579528529626549e-01
1.246531119256544606e+01 1.596271468940087257e-01
1.254968463700567938e+01 1.580095521050260965e-01
1.263462917654468320e+01 1.564050932313021947e-01
1.272014867673060401e+01 1.548136953389526171e-01
1.280624702927616809e+01 1.532352837753888641e-01
1.289292815223577726e+01 1.516697841256011703e-01
1.298019599018380887e+01 1.501171221862585836e-01
1.306805451439412558e+01 1.485772238929337352e-01
1.315650772302078231e+01 1.470500152339829503e-01
1.324555964127998031e+01 1.455354222154279786e-01
1.333521432163323972e+01 1.440333709026815900e-01
1.342547584397180671e+01 1.425437875174319913e-01
1.351634831580232721e+01 1.410665985338229733e-01
1.360783587243375514e+01 1.396017307425298781e-01
1.369994267716554504e+01 1.381491112334086724e-01
1.379267292147710577e+01 1.367086673475803316e-01
1.388603082521854226e+01 1.352803266529541693e-01
1.398002063680268670e+01 1.338640168924417340e-01
1.407464663339843369e+01 1.324596658963669293e-01
1.416991312112536860e+01 1.310672015309281291e-01
1.426582443524974408e+01 1.296865517181531036e-01
1.436238494038174274e+01 1.283176445202855176e-01
1.445959903067411467e+01 1.269604082372520204e-01
1.455747113002212600e+01 1.256147714826227058e-01
1.465600569226488936e+01 1.242806631932145967e-01
1.475520720138803021e+01 1.229580125817248543e-01
1.485508017172774942e+01 1.216467491089093383e-01
1.495562914817625000e+01 1.203468024504140560e-01
1.505685870638856372e+01 1.190581024152565087e-01
1.515877345299076850e+01 1.177805788824439620e-01
1.526137802578962877e+01 1.165141617996410389e-01
1.536467709398363901e+01 1.152587812501672110e-01
1.546867535837550989e+01 1.140143675493088399e-01
1.557337755158608417e+01 1.127808513267940932e-01
1.567878843826970225e+01 1.115581635607422045e-01
1.578491281533102431e+01 1.103462355380567111e-01
1.589175551214332849e+01 1.091449988205756699e-01
1.599932139076826942e+01 1.079543852230697570e-01
1.610761534617714474e+01 1.067743267441374766e-01
1.621664230647364491e+01 1.056047554940566374e-01
1.632640723311811470e+01 1.044456036728750176e-01
1.643691512115332998e+01 1.032968036169105708e-01
1.654817099943181091e+01 1.021582878888383089e-01
1.666017993084467719e+01 1.010299893623192447e-01
1.677294701255201659e+01 9.991184127304118812e-02
1.688647737621486655e+01 9.880377719406202575e-02
1.700077618822873049e+01 9.770573099519577753e-02
1.711584864995867861e+01 9.661763682297140610e-02
1.723169999797605101e+01 9.553942904756460019e-02
1.734833550429675597e+01 9.447104218501091444e-02
1.746576047662118114e+01 9.341241085660118015e-02
1.758398025857572478e+01 9.236346981356351182e-02
1.770300022995598255e+01 9.132415401527840815e-02
1.782282580697154017e+01 9.029439871280470209e-02
1.794346244249247135e+01 8.927413950987307667e-02
1.806491562629746284e+01 8.826331235837681088e-02
1.818719088532364481e+01 8.726185351300318194e-02
1.831029378391810880e+01 8.626969950679497234e-02
1.843422992409110250e+01 8.528678711375826949e-02
1.855900494577098314e+01 8.431305327097066149e-02
1.868462452706085841e+01 8.334843502352613787e-02
1.881109438449697535e+01 8.239286952766336491e-02
1.893842027330888200e+01 8.144629411287976350e-02
1.906660798768129439e+01 8.050864636326193757e-02
1.919566336101780735e+01 7.957986418378630578e-02
1.932559226620633197e+01 7.865988581736285679e-02
1.945640061588635561e+01 7.774864980172024875e-02
1.958809436271800308e+01 7.684609493884456133e-02
1.972067949965293820e+01 7.595216026991438718e-02
1.985416206020706298e+01 7.506678500593311210e-02
1.998854811873509973e+01 7.418990846375131398e-02
2.012384379070700646e+01 7.332147005088529568e-02
2.026005523298626798e+01 7.246140931082531433e-02
2.039718864411009136e+01 7.160966600179205499e-02
2.053525026457145941e+01 7.076618016746148709e-02
2.067424637710313107e+01 6.993089217361814214e-02
2.081418330696354246e+01 6.910374267757438127e-02
2.095506742222464780e+01 6.828467259382681176e-02
2.109690513406171419e+01 6.747362307692608696e-02
2.123970289704506342e+01 6.667053546873237535e-02
2.138346720943381030e+01 6.587535123183664576e-02
2.152820461347156922e+01 6.508801192088960186e-02
2.167392169568417160e+01 6.430845921313177449e-02
2.182062508717940474e+01 6.353663498291564626e-02
2.196832146394875096e+01 6.277248137670202177e-02
2.211701754717122270e+01 6.201594086541302453e-02
2.226672010351918729e+01 6.126695623465545915e-02
2.241743594546631968e+01 6.052547054935969451e-02
2.256917193159760870e+01 5.979142713917549867e-02
2.272193496692146653e+01 5.906476956509160159e-02
2.287573200318395550e+01 5.834544155486155737e-02
2.303057003918513246e+01 5.763338696422509039e-02
2.318645612109755660e+01 5.692854979205334148e-02
2.334339734278692546e+01 5.623087424557576125e-02
2.350140084613489222e+01 5.554030481669762487e-02
2.366047382136407506e+01 5.485678634281483668e-02
2.382062350736526568e+01 5.418026401825327271e-02
2.398185719202683686e+01 5.351068335915626362e-02
2.414418221256639185e+01 5.284799018455519498e-02
2.430760595586465911e+01 5.219213059603342031e-02
2.447213585880165709e+01 5.154305091747565792e-02
2.463777940859510096e+01 5.090069764572564825e-02
2.480454414314113265e+01 5.026501744693684381e-02
2.497243765135734961e+01 4.963595720482927298e-02
2.514146757352813921e+01 4.901346409225450923e-02
2.531164160165237931e+01 4.839748563240257873e-02
2.548296747979346222e+01 4.778796972460809533e-02
2.565545300443170973e+01 4.718486461180722985e-02
2.582910602481915774e+01 4.658811885207386760e-02
2.600393444333676385e+01 4.599768130191855819e-02
2.617994621585399884e+01 4.541350106265660408e-02
2.635714935209091081e+01 4.483552742089592230e-02
2.653555191598261231e+01 4.426370982542766896e-02
2.671516202604624723e+01 4.369799791568843711e-02
2.689598785575043038e+01 4.313834158429801641e-02
2.707803763388720242e+01 4.258469103591432797e-02
2.726131964494650006e+01 4.203699682246088420e-02
2.744584222949314523e+01 4.149520982060357632e-02
2.763161378454639561e+01 4.095928119585675459e-02
2.781864276396208169e+01 4.042916238522579336e-02
2.800693767881729812e+01 3.990480505635957825e-02
2.819650709779772413e+01 3.938616104472920237e-02
2.838735964758754449e+01 3.887318231774850030e-02
2.857950401326204215e+01 3.836582098805109420e-02
2.877294893868280568e+01 3.786402936854158657e-02
2.896770322689564736e+01 3.736776003281467445e-02
2.916377574053120014e+01 3.687696586052852110e-02
2.936117540220821809e+01 3.639160003510063385e-02
2.955991119493962671e+01 3.591161600896157491e-02
2.975999216254130175e+01 3.543696748731425816e-02
2.996142741004363330e+01 3.496760840528656544e-02
3.016422610410585392e+01 3.450349287229381029e-02
3.036839747343318763e+01 3.404457513219053683e-02
3.057395080919683039e+01 3.359080956668020201e-02
3.078089546545673727e+01 3.314215074383929094e-02
3.098924085958731922e+01 3.269855348262012962e-02
3.119899647270597853e+01 3.225997290711171694e-02
3.141017185010457169e+01 3.182636446588901075e-02
3.162277660168378901e+01 3.139768390428528816e-02
3.183682040239046174e+01 3.097388724697830442e-02
3.205231299265783207e+01 3.055493078754710143e-02
3.226926417884883591e+01 3.014077104312181885e-02
3.248768383370231305e+01 2.973136471011541757e-02
3.270758189678232952e+01 2.932666865473993606e-02
3.292896837493046291e+01 2.892663994811167996e-02
3.315185334272120343e+01 2.853123592679203749e-02
3.337624694292038185e+01 2.814041424707864475e-02
3.360215938694678073e+01 2.775413291497084989e-02
3.382960095533677247e+01 2.737235026424233303e-02
3.405858199821220467e+01 2.699502493040173423e-02
3.428911293575135488e+01 2.662211583950153601e-02
3.452120425866313269e+01 2.625358216998825364e-02
3.475486652866450044e+01 2.588938330033424898e-02
3.499011037896107013e+01 2.552947878277892629e-02
3.522694651473101146e+01 2.517382836001909666e-02
3.546538571361217862e+01 2.482239201482993110e-02
3.570543882619260501e+01 2.447513002008807476e-02
3.594711677650424519e+01 2.413200297316230036e-02
3.619043056252010615e+01 2.379297178447670191e-02
3.643539125665473222e+01 2.345799764533084211e-02
3.668201000626806518e+01 2.312704201354942243e-02
3.693029803417272916e+01 2.280006658725679952e-02
3.718026663914474028e+01 2.247703325284043305e-02
3.743192719643768385e+01 2.215790405091147205e-02
3.768529115830035892e+01 2.184264118182550549e-02
3.794037005449794009e+01 2.153120704923366241e-02
3.819717549283664226e+01 2.122356431332340920e-02
3.845571915969198074e+01 2.091967593419528232e-02
3.871601282054055559e+01 2.061950518103116206e-02
3.897806832049546699e+01 2.032301560563809506e-02
3.924189758484535417e+01 2.003017103004288077e-02
3.950751261959707961e+01 1.974093553621408467e-02
3.977492551202205817e+01 1.945527342475027177e-02
4.004414843120635226e+01 1.917314917977234676e-02
4.031519362860439060e+01 1.889452746636643629e-02
4.058807343859654537e+01 1.861937316599918818e-02
4.086280027905040413e+01 1.834765142966305121e-02
4.113938665188585730e+01 1.807932772334424135e-02
4.141784514364404401e+01 1.781436784862942824e-02
4.169818842606010634e+01 1.755273791840962494e-02
4.198042925663985159e+01 1.729440433497377375e-02
4.226458047924027994e+01 1.703933377853212444e-02
4.255065502465410532e+01 1.678749316732031441e-02
4.283866591119815581e+01 1.653884960990696651e-02
4.312862624530581712e+01 1.629337038215149941e-02
4.342054922212345502e+01 1.605102294096889815e-02
4.371444812611088793e+01 1.581177496338504601e-02
4.401033633164592374e+01 1.557559438319824560e-02
4.430822730363295392e+01 1.534244941230116302e-02
4.460813459811574688e+01 1.511230852043966150e-02
4.491007186289429853e+01 1.488514040525073731e-02
4.521405283814590348e+01 1.466091397958348141e-02
4.552009135705046106e+01 1.443959834444514916e-02
4.582820134641993803e+01 1.422116274486704204e-02
4.613839682733213721e+01 1.400557654604036965e-02
4.645069191576877188e+01 1.379280924642198140e-02
4.676510082325782491e+01 1.358283052345497094e-02
4.708163785752027053e+01 1.337561028533711810e-02
4.740031742312116592e+01 1.317111871424643359e-02
4.772115402212516244e+01 1.296932627695509405e-02
4.804416225475645774e+01 1.277020371055823805e-02
4.836935682006318160e+01 1.257372202314265865e-02
4.869675251658630799e+01 1.237985249076185672e-02
4.902636424303310037e+01 1.218856662660571313e-02
4.935820699895509733e+01 1.199983615748069846e-02
4.969229588543069553e+01 1.181363302742120813e-02
5.002864610575232263e+01 1.162992943016475864e-02
5.036727296611834248e+01 1.144869784978479361e-02
5.070819187632955050e+01 1.126991109015880628e-02
5.105141835049041532e+01 1.109354227665609871e-02
5.139696800771512386e+01 1.091956481850758949e-02
5.174485657283830164e+01 1.074795237609446272e-02
5.209509987713062884e+01 1.057867883316603030e-02
5.244771385901927374e+01 1.041171824127272091e-02
5.280271456481316505e+01 1.024704476251307554e-02
5.316011814943325930e+01 1.008463263714863035e-02
5.351994087714763992e+01 9.924456185350934156e-03
5.388219912231169673e+01 9.766489831681548009e-03
5.424690937011325076e+01 9.610708130551339629e-03
5.461408821732273822e+01 9.457085782196169438e-03
5.498375237304848184e+01 9.305597618151839265e-03
5.535591865949706403e+01 9.156218591156006781e-03
5.573060401273885134e+01 9.008923785726367928e-03
5.610782548347871312e+01 8.863688417041029957e-03
5.648760023783190576e+01 8.720487823288094673e-03
5.686994555810529306e+01 8.579297480200569898e-03
5.725487884358378210e+01 8.440093048395928832e-03
5.764241761132210229e+01 8.302850445086799522e-03
5.803257949694196327e+01 8.167545914370268750e-03
5.842538225543459163e+01 8.034156083111462787e-03
5.882084376196869613e+01 7.902657977886508311e-03
5.921898201270391837e+01 7.773029016839730007e-03
5.961981512560976881e+01 7.645247005382289213e-03
6.002336134129011924e+01 7.519290112964927865e-03
6.042963902381327301e+01 7.395136816647574288e-03
6.083866666154766989e+01 7.272765844041298271e-03
6.125046286800318995e+01 7.152156132470583773e-03
6.166504638267824845e+01 7.033286806206619397e-03
6.208243607191252522e+01 6.916137154945417760e-03
6.250265092974552061e+01 6.800686603291464759e-03
6.292571007878092360e+01 6.686914658626683106e-03
6.335163277105682056e+01 6.574800837571825700e-03
6.378043838892177320e+01 6.464324612706645427e-03
6.421214644591685783e+01 6.355465375435881414e-03
6.464677658766366619e+01 6.248202390651564492e-03
6.508434859275830320e+01 6.142514771164762216e-03
6.552488237367145985e+01 6.038381491817888282e-03
6.596839797765454705e+01 5.935781447351413075e-03
6.641491558765201830e+01 5.834693538957907120e-03
6.686445552321974617e+01 5.735096768644158162e-03
6.731703824144980786e+01 5.636970326919220689e-03
6.777268433790135305e+01 5.540293652908425195e-03
6.823141454753782398e+01 5.445046496298035048e-03
6.869324974567061304e+01 5.351208983612127171e-03
6.915821094890894472e+01 5.258761654267097782e-03
6.962631931611633718e+01 5.167685474786094108e-03
7.009759614937343031e+01 5.077961851562153885e-03
7.057206289494737916e+01 4.989572648999783012e-03
7.104974114426785547e+01 4.902500204978200819e-03
7.153065263490952930e+01 4.816727324741424537e-03
7.201481925158131503e+01 4.732237247465329727e-03
7.250226302712225390e+01 4.649013569489727528e-03
7.299300614350418925e+01 4.567040150210532889e-03
7.348707093284116354e+01 4.486301027713437278e-03
7.398447987840567919e+01 4.406780327294554205e-03
7.448525561565188013e+01 4.328462164431852617e-03
7.498942093324556879e+01 4.251330576170886388e-03
7.549699877410125737e+01 4.175369499325118534e-03
7.600801223642622517e+01 4.100562799471350536e-03
7.652248457477166710e+01 4.026894338033343984e-03
7.704043920109090493e+01 3.954348072603174231e-03
7.756189968580478933e+01 3.882908177728946163e-03
7.808688975887430672e+01 3.812559191685204688e-03
7.861543331088050479e+01 3.743286220454672061e-03
7.914755439411159443e+01 3.675075185502239307e-03
7.968327722365755506e+01 3.607913092551952566e-03
8.022262617851203004e+01 3.541788341226998621e-03
8.076562580268181080e+01 3.476691082220616236e-03
8.131230080630368207e+01 3.412613613805279712e-03
8.186267606676891262e+01 3.349550791187446471e-03
8.241677662985536301e+01 3.287500419648361691e-03
8.297462771086726718e+01 3.226463602704781209e-03
8.353625469578260265e+01 3.166445014190574433e-03
8.410168314240843301e+01 3.107453103879253761e-03
8.467093878154389586e+01 3.049500214603359082e-03
8.524404751815112036e+01 2.992602562738599665e-03
8.582103543253413136e+01 2.936780077898000930e-03
8.640192878152561207e+01 2.882056102746026124e-03
8.698675399968182376e+01 2.828456946563246213e-03
8.757553770048552622e+01 2.776011278586055370e-03
8.816830667755706941e+01 2.724749346669617760e-03
8.876508790587372744e+01 2.674702024406385055e-03
8.936590854299713271e+01 2.625899688799713128e-03
8.997079593030926503e+01 2.578370979372924306e-03
9.057977759425659769e+01 2.532141487406697374e-03
9.119288124760268488e+01 2.487232394904319993e-03
9.181013479068940342e+01 2.443659113727610598e-03
9.243156631270649370e+01 2.401429998913168825e-03
9.305720409296988294e+01 2.360545198897740643e-03
9.368707660220853484e+01 2.320995692324506494e-03
9.432121250386006750e+01 2.282762545269680782e-03
9.495964065537515353e+01 2.245816426255584954e-03
9.560239010953074512e+01 2.210117398779660926e-03
9.624949011575209568e+01 2.175615024852971344e-03
9.690097012144387634e+01 2.142248814359413479e-03
9.755685977333020276e+01 2.109949003022423310e-03
9.821718891880377100e+01 2.078637630003158949e-03
9.888198760728410264e+01 2.048229906777378380e-03
9.955128609158499842e+01 2.018635843680245418e-03
1.002251148292912717e+02 1.989762078580866594e-03
1.009035044841447331e+02 1.961513829414493915e-03
1.015864859274395968e+02 1.933796889529527724e-03
1.022740902394273661e+02 1.906519580225189258e-03
1.029663487107311965e+02 1.879594580807608661e-03
1.036632928437697814e+02 1.852940592777868861e-03
1.043649543541909708e+02 1.826483770970460056e-03
1.050713651723150122e+02 1.800158849374156132e-03
1.057825574445876384e+02 1.773909942049255390e-03
1.064985635350428765e+02 1.747691011910138242e-03
1.072194160267759315e+02 1.721466008231023340e-03
1.079451477234258476e+02 1.695208679933613884e-03
1.086757916506683017e+02 1.668902084752566829e-03
1.094113810577185575e+02 1.642537835285633749e-03
1.101519494188444810e+02 1.616115127673522578e-03
1.108975304348898305e+02 1.589639642328265993e-03
1.116481580348079063e+02 1.563122391819551536e-03
1.124038663772055457e+02 1.536578560974224787e-03
1.131646898518975490e+02 1.510026406196629317e-03
1.139306630814716499e+02 1.483486279844089964e-03
1.147018209228640728e+02 1.456979821334591224e-03
1.154781984689458056e+02 1.430529330442031856e-03
1.162598310501194732e+02 1.404157312927292647e-03
1.170467542359271960e+02 1.377886181905096496e-03
1.178390038366692067e+02 1.351738075555236444e-03
1.186366159050334232e+02 1.325734769015799895e-03
1.194396267377361625e+02 1.299897655928214033e-03
1.202480728771738399e+02 1.274247742547120416e-03
1.210619911130858810e+02 1.248805611980092220e-03
1.218814184842289450e+02 1.223591349204369849e-03
1.227063922800624169e+02 1.198624418018087506e-03
1.235369500424452980e+02 1.173923485708948215e-03
1.243731295673446766e+02 1.149506193608812584e-03
1.252149689065556544e+02 1.125388889399046985e-03
1.260625063694329526e+02 1.101586340977588714e-03
1.269157805246343003e+02 1.078111466756206905e-03
1.277748302018754742e+02 1.054975138414970121e-03
1.286396944936974194e+02 1.032186077044068215e-03
1.295104127572451773e+02 1.009750846637452867e-03
1.303870246160587953e+02 9.876739685134874012e-04
1.312695699618767264e+02 9.659581589581457423e-04
1.321580889564508539e+02 9.446046710129721129e-04
1.330526220333743481e+02 9.236136998623482993e-04
1.339532098999216316e+02 9.029848031381453033e-04
1.348598935389007352e+02 8.827172873640334871e-04
1.357727142105183873e+02 8.628105113022696082e-04
1.366917134542575525e+02 8.432640949686707674e-04
1.376169330907678443e+02 8.240780146923177901e-04
1.385484152237686430e+02 8.052525593620196015e-04
1.394862022419649463e+02 7.867881674395198937e-04
1.404303368209765779e+02 7.686851814021626768e-04
1.413808619252800440e+02 7.509435602143623226e-04
1.423378208101636915e+02 7.335625893069235666e-04
1.433012570236962517e+02 7.165406236666051155e-04
1.442712144087084880e+02 6.998749025032298789e-04
1.452477371047883423e+02 6.835614555207594149e-04
1.462308695502895830e+02 6.675951329794749733e-04
1.472206564843540093e+02 6.519697694315181383e-04
1.482171429489475258e+02 6.366784476445198730e-04
1.492203742909096889e+02 6.217138294151398426e-04
1.502303961640173782e+02 6.070685243103986954e-04
1.512472545310623104e+02 5.927354536343724120e-04
1.522709956659427348e+02 5.787081617243325371e-04
1.533016661557691123e+02 5.649810268233033343e-04
1.543393129029841759e+02 5.515493442298807390e-04
1.553839831274973733e+02 5.384092647399269221e-04
1.564357243688335188e+02 5.255576037493297830e-04
1.574945844882963684e+02 5.129915648179172311e-04
1.585606116711465461e+02 5.007084082326612078e-04
1.596338544287941943e+02 4.887051026062222154e-04
1.607143616010067433e+02 4.769780235625784557e-04
1.618021823581313470e+02 4.655227494234493021e-04
1.628973662033324956e+02 4.543339851409483252e-04
1.639999629748446637e+02 4.434056196281559821e-04
1.651100228482404759e+02 4.327309040407972319e-04
1.662275963387138233e+02 4.223027195938163338e-04
1.673527343033787815e+02 4.121138903876465096e-04
1.684854879435838484e+02 4.021575121951167695e-04
1.696259088072420411e+02 3.924272467566205505e-04
1.707740487911766820e+02 3.829175244980875196e-04
1.719299601434829015e+02 3.736236361110683983e-04
1.730936954659054834e+02 3.645417067342572354e-04
1.742653077162324280e+02 3.556685586680971459e-04
1.754448502107050558e+02 3.470014802967036609e-04
1.766323766264440280e+02 3.385379324595915568e-04
1.778279410038922492e+02 3.302752392448596460e-04
1.790315977492739421e+02 3.222103060114037913e-04
1.802434016370704910e+02 3.143394244249631247e-04
1.814634078125131396e+02 3.066581987837521716e-04
1.826916717940924002e+02 2.991615881430571421e-04
1.839282494760844600e+02 2.918440565499332267e-04
1.851731971310949234e+02 2.846998144801392229e-04
1.864265714126194382e+02 2.777231163586593721e-04
1.876884293576218283e+02 2.709085671608790682e-04
1.889588283891297635e+02 2.642513843130550274e-04
1.902378263188477945e+02 2.577475720663377793e-04
1.915254813497881798e+02 2.513939695126414845e-04
1.928218520789195622e+02 2.451881679443690485e-04
1.941269974998334646e+02 2.391283201349751069e-04
1.954409770054290050e+02 2.332128649315366059e-04
1.967638503906155734e+02 2.274402113280841325e-04
1.980956778550338413e+02 2.218084477331839306e-04
1.994365200057954723e+02 2.163151272947358330e-04
2.007864378602409090e+02 2.109571607909312217e-04
2.021454928487162590e+02 2.057308249380301283e-04
2.035137468173686557e+02 2.006318819449122806e-04
2.048912620309608030e+02 1.956557886013535262e-04
2.062781011757042791e+02 1.907979637302833304e-04
2.076743273621123365e+02 1.860540857596919414e-04
2.090800041278717742e+02 1.814203644864332578e-04
2.104951954407343351e+02 1.768937257507180287e-04
2.119199657014276852e+02 1.724718822853893560e-04
2.133543797465860621e+02 1.681532822169651980e-04
2.147985028517008175e+02 1.639369484803857003e-04
2.162524007340908554e+02 1.598222382513456565e-04
2.177161395558931645e+02 1.558085629747645810e-04
2.191897859270738138e+02 1.518951141162101694e-04
2.206734069084589294e+02 1.480806307919487906e-04
2.221670700147865887e+02 1.443632564427733207e-04
2.236708432177790939e+02 1.407405069205139585e-04
2.251847949492361636e+02 1.372093426225447633e-04
2.267089941041490988e+02 1.337663370066921446e-04
2.282435100438358972e+02 1.304079176805651372e-04
2.297884125990976827e+02 1.271306377775171701e-04
2.313437720733965079e+02 1.239314260189469023e-04
2.329096592460545310e+02 1.208077660445016602e-04
2.344861453754751608e+02 1.177577754321761295e-04
2.360733022023855199e+02 1.147801676961909947e-04
2.376712019531013595e+02 1.118741170081262714e-04
2.392799173428137181e+02 1.090390604782990968e-04
2.408995215788980033e+02 1.062744670937676959e-04
2.425300883642453869e+02 1.035796153958934971e-04
2.441716919006168212e+02 1.009534287751761927e-04
2.458244068920196810e+02 9.839439923753679515e-05
2.474883085481073408e+02 9.590060916962845033e-05
2.491634725876016319e+02 9.346983700518480252e-05
2.508499752417386901e+02 9.109972255992860029e-05
2.525478932577378544e+02 8.878795499220539400e-05
2.542573039022943249e+02 8.653245117865051542e-05
2.559782849650951277e+02 8.433150271337834731e-05
2.577109147623592662e+02 8.218385747161090953e-05
2.594552721404015188e+02 8.008870928626467354e-05
2.612114364792204242e+02 7.804560071953410940e-05
2.629794876961108798e+02 7.605425825230940353e-05
2.647595062493005571e+02 7.411439509634961428e-05
2.665515731416114704e+02 7.222552354049110480e-05
2.683557699241462160e+02 7.038681875169162103e-05
2.701721786999989376e+02 6.859706128053328115e-05
2.720008821279917584e+02 6.685466067606903626e-05
2.738419634264360525e+02 6.515775549460277696e-05
2.756955063769197523e+02 6.350435979698131896e-05
2.775615953281197221e+02 6.189251657470570985e-05
2.794403151996402244e+02 6.032043998483248130e-05
2.813317514858775894e+02 5.878663191165313352e-05
2.832359902599103521e+02 5.728995802474976787e-05
2.851531181774165020e+02 5.582966762672522221e-05
2.870832224806168256e+02 5.440534409790046721e-05
2.890263910022449636e+02 5.301678547229918406e-05
2.909827121695442997e+02 5.166382604154886617e-05
2.929522750082923039e+02 5.034614640345298189e-05
2.949351691468513081e+02 4.906312856031922452e-05
2.969314848202478174e+02 4.781379359917031769e-05
2.989413128742782533e+02 4.659684128473299798e-05
3.009647447696433460e+02 4.541077875048255723e-05
3.030018725861102098e+02 4.425409190333119106e-05
3.050527890267024986e+02 4.312540101515625348e-05
3.071175874219189836e+02 4.202355554804920116e-05
3.091963617339808366e+02 4.094766556848256290e-05
3.112892065611075054e+02 3.989709598723524428e-05
3.133962171418215235e+02 3.887145957444664864e-05
3.155174893592825356e+02 3.787061505394762729e-05
3.176531197456507130e+02 3.689462841872575763e-05
3.198032054864793849e+02 3.594365690458494551e-05
3.219678444251378551e+02 3.501776456889004504e-05
3.241471350672638323e+02 3.411672772473181700e-05
3.263411765852462167e+02 3.323992191682307917e-05
3.285500688227378987e+02 3.238636279197195153e-05
3.307739122991995373e+02 3.155490037846835961e-05
3.330128082144736368e+02 3.074447035347245430e-05
3.352668584533901139e+02 2.995426638545553517e-05
3.375361655904025042e+02 2.918376041656883216e-05
3.398208328942558865e+02 2.843259293885219382e-05
3.421209643326862420e+02 2.770043117629845752e-05
3.444366645771518165e+02 2.698690698915642979e-05
3.467680390075962578e+02 2.629166846283575675e-05
3.491151937172441535e+02 2.561447813884337062e-05
3.514782355174289705e+02 2.495523804145862915e-05
3.538572719424536785e+02 2.431386898561396494e-05
3.562524112544844002e+02 2.369009387074936452e-05
3.586637624484768025e+02 2.308326727704922650e-05
3.610914352571364816e+02 2.249239211981591370e-05
3.635355401559121447e+02 2.191633891801825150e-05
3.659961883680232972e+02 2.135414208302597734e-05
3.684734918695215242e+02 2.080520637146093734e-05
3.709675633943860475e+02 2.026931790393048718e-05
3.734785164396540154e+02 1.974647867502346069e-05
3.760064652705854655e+02 1.923669044940043944e-05
3.785515249258629069e+02 1.873982668518207211e-05
3.811138112228265982e+02 1.825564726163726311e-05
3.836934407627448422e+02 1.778389183952740828e-05
3.862905309361202058e+02 1.732434782380246359e-05
3.889051999280316636e+02 1.687683178388051417e-05
3.915375667235126116e+02 1.644109939736286918e-05
3.941877511129656000e+02 1.601676074932083187e-05
3.968558736976137311e+02 1.560327383459484405e-05
3.995420558949885503e+02 1.520002614832878064e-05
4.022464199444555675e+02 1.480645820844719491e-05
4.049690889127769537e+02 1.442216637732131524e-05
4.077101866997117554e+02 1.404695037180364623e-05
4.104698380436543061e+02 1.368080091940378230e-05
4.132481685273107814e+02 1.332383720233105042e-05
4.160453045834136674e+02 1.297620837586335522e-05
4.188613735004756791e+02 1.263797368707383238e-05
4.216965034285821616e+02 1.230899416588228235e-05
4.245508233852225999e+02 1.198889300551875901e-05
4.274244632611619181e+02 1.167712608228687728e-05
4.303175538263514568e+02 1.137314525153155927e-05
4.332302267358797394e+02 1.107656491765744291e-05
4.361626145359638258e+02 1.078722745436714780e-05
4.391148506699807399e+02 1.050512694801007243e-05
4.420870694845405637e+02 1.023025195128942353e-05
4.450794062355994924e+02 9.962476593243067981e-06
4.480919970946154649e+02 9.701578530472042400e-06
4.511249791547444374e+02 9.447353079268863617e-06
4.541784904370794038e+02 9.199726649882017723e-06
4.572526698969309678e+02 8.958769040441064477e-06
4.603476574301509459e+02 8.724578430715622745e-06
4.634635938794985464e+02 8.497116315018770597e-06
4.666006210410495214e+02 8.276111779818284549e-06
4.697588816706490888e+02 8.061107072758975426e-06
4.729385194904079981e+02 7.851610303339761143e-06
4.761396791952431045e+02 7.647249992832897133e-06
4.793625064594618834e+02 7.447840904759500791e-06
4.826071479433913964e+02 7.253352220429892709e-06
4.858737513000527315e+02 7.063834147696690865e-06
4.891624651818797247e+02 6.879353614200932543e-06
4.924734392474840092e+02 6.699946516975807127e-06
4.958068241684654822e+02 6.525572489877724640e-06
4.991627716362685305e+02 6.356080333310937887e-06
5.025414343690854366e+02 6.191214046313108729e-06
5.059429661188057707e+02 6.030661280072450820e-06
5.093675216780133610e+02 5.874127571677567458e-06
5.128152568870302730e+02 5.721414182102894983e-06
5.162863286410084811e+02 5.572448656240121666e-06
5.197808948970699703e+02 5.427223774518906307e-06
5.232991146814945296e+02 5.285679449572397284e-06
5.268411480969568856e+02 5.147639343655211909e-06
5.304071563298118690e+02 5.012880350546237973e-06
5.339973016574301710e+02 4.881266371334920478e-06
5.376117474555824174e+02 4.752804119226061084e-06
5.412506582058742879e+02 4.627581283241397970e-06
5.449141995032316572e+02 4.505669074636206613e-06
5.486025380634355315e+02 4.387058144316979735e-06
5.523158417307097352e+02 4.271628327742805386e-06
5.560542794853581654e+02 4.159163948645309519e-06
5.598180214514547970e+02 4.049444229981222412e-06
5.636072389045856426e+02 3.942346289333465886e-06
5.674221042796427810e+02 3.837849036155298748e-06
5.712627911786712502e+02 3.735954473925414218e-06
5.751294743787692596e+02 3.636660479689174115e-06
5.790223298400417207e+02 3.540016263436265809e-06
5.829415347136073251e+02 3.446124858418162051e-06
5.868872673496604193e+02 3.355034728626120235e-06
5.908597073055871078e+02 3.266653053593719118e-06
5.948590353541362674e+02 3.180789932837474188e-06
5.988854334916459266e+02 3.097255712637174438e-06
6.029390849463252380e+02 3.015901951013058479e-06
6.070201741865927261e+02 2.936637629922985537e-06
6.111288869294708093e+02 2.859459846945323637e-06
6.152654101490370522e+02 2.784428417630417010e-06
6.194299320849330570e+02 2.711554425857359300e-06
6.236226422509300846e+02 2.640727956634138581e-06
6.278437314435540202e+02 2.571791579610823132e-06
6.320933917507668411e+02 2.504657102589128731e-06
6.363718165607091350e+02 2.439305175825524574e-06
6.406792005704994608e+02 2.375697002648992305e-06
6.450157397950948734e+02 2.313746083707222491e-06
6.493816315762111344e+02 2.253362723192064172e-06
6.537770745913027213e+02 2.194477856690911274e-06
6.582022688626040008e+02 2.137023575663101548e-06
6.626574157662319067e+02 2.080923675889677527e-06
6.671427180413493261e+02 2.026106423946574642e-06
6.716583797993920371e+02 1.972514090633529226e-06
6.762046065333560136e+02 1.920114619452906644e-06
6.807816051271497599e+02 1.868920461223390977e-06
6.853895838650081487e+02 1.818993636187310820e-06
6.900287524409711750e+02 1.770416431964768215e-06
6.946993219684263750e+02 1.723235859370383610e-06
6.994015049897159315e+02 1.677422511051768375e-06
7.041355154858085825e+02 1.632877995420907163e-06
7.089015688860374667e+02 1.589488985800868750e-06
7.136998820779034531e+02 1.547197283098867355e-06
7.185306734169448646e+02 1.506017077247237132e-06
7.233941627366746161e+02 1.465968053721147197e-06
7.282905713585832927e+02 1.427026164184030715e-06
7.332201221022116897e+02 1.389171993228383503e-06
7.381830392952898592e+02 1.352431599271412780e-06
7.431795487839460748e+02 1.316825592192996369e-06
7.482098779429837805e+02 1.282310219224750345e-06
7.532742556862292531e+02 1.248788053561494943e-06
7.583729124769483860e+02 1.216165463437336316e-06
7.635060803383344137e+02 1.184379275974803353e-06
7.686739928640664630e+02 1.153369979714643485e-06
7.738768852289399547e+02 1.123095038676981863e-06
7.791149941995678319e+02 1.093570725708622047e-06
7.843885581451561393e+02 1.064818136281480156e-06
7.896978170483504300e+02 1.036793375020351630e-06
7.950430125161573187e+02 1.009429690658689395e-06
8.004243877909389084e+02 9.826948846896108173e-07
8.058421877614816822e+02 9.565967892225794815e-07
8.112966589741411099e+02 9.311599331433347068e-07
8.167880496440610614e+02 9.063809999730816321e-07
8.223166096664689348e+02 8.822331228786795559e-07
8.278825906280478648e+02 8.587100131216396871e-07
8.334862458183855551e+02 8.358196158433843618e-07
8.391278302415004191e+02 8.135680605363187122e-07
8.448076006274466181e+02 7.919516009576352022e-07
8.505258154439960663e+02 7.709270119103661752e-07
8.562827349084013804e+02 7.504464524367108056e-07
8.620786209992368185e+02 7.305149721794799599e-07
8.679137374683206190e+02 7.111482196924173100e-07
8.737883498527170332e+02 6.923338298029368612e-07
8.797027254868202135e+02 6.740591781263509235e-07
8.856571335145198418e+02 6.563104944022498294e-07
8.916518449014487260e+02 6.390551636654763415e-07
8.976871324473139566e+02 6.222438758106471313e-07
9.037632707983108276e+02 6.058314942035139451e-07
9.098805364596209984e+02 5.898083544879431464e-07
9.160392078079956946e+02 5.741863233174140406e-07
9.222395651044232636e+02 5.589511552321494101e-07
9.284818905068835875e+02 5.440792369196334847e-07
9.347664680831875330e+02 5.295872102033110520e-07
9.410935838239040550e+02 5.155073637595117906e-07
9.474635256553751788e+02 5.018447368432546245e-07
9.538765834528179539e+02 4.885754196663694524e-07
9.603330490535162198e+02 4.756634739120505190e-07
9.668332162701007064e+02 4.630774111092147540e-07
9.733773809039199705e+02 4.508039488359546178e-07
9.799658407585011446e+02 4.388535696521871179e-07
9.865988956531016356e+02 4.272246719269253463e-07
9.932768474363537052e+02 4.158964318828901108e-07
9.999999999999997726e+02 4.048575846149402662e-07
