1.000000000000000000e+00 4.209271083001058789e-01
1.006768659292722301e+00 4.194575271817154727e-01
1.013583133334065689e+00 4.179905806647092881e-01
1.020443732228454081e+00 4.165262671660007743e-01
1.027350768179302598e+00 4.150645904637144668e-01
1.034304555503224865e+00 4.136055557082635725e-01
1.041305410644336904e+00 4.121491648526924845e-01
1.048353652188656726e+00 4.106954156189241978e-01
1.055449600878602956e+00 4.092443043897214250e-01
1.062593579627590046e+00 4.077958297337467286e-01
1.069785913534723631e+00 4.063499933728473290e-01
1.077026929899593810e+00 4.049067987889641285e-01
1.084316958237171002e+00 4.034662502124193861e-01
1.091656330292799515e+00 4.020283534626936661e-01
1.099045380057295240e+00 4.005931167681984206e-01
1.106484443782143501e+00 3.991605487365563198e-01
1.113973859994802362e+00 3.977306537844373380e-01
1.121513969514106090e+00 3.963034290629029455e-01
1.129105115465775633e+00 3.948788664504375157e-01
1.136747643298033461e+00 3.934569584282151533e-01
1.144441900797322997e+00 3.920377027793586211e-01
1.152188238104135731e+00 3.906211025389205727e-01
1.159987007728944697e+00 3.892071626955453389e-01
1.167838564568246529e+00 3.877958878148817234e-01
1.175743265920710989e+00 3.863872822296750553e-01
1.183701471503440850e+00 3.849813505691320192e-01
1.191713543468341907e+00 3.835780964692221962e-01
1.199779846418602025e+00 3.821775208717301808e-01
1.207900747425284305e+00 3.807796228512425052e-01
1.216076616044030834e+00 3.793844026940016989e-01
1.224307824331879679e+00 3.779918633555722218e-01
1.232594746864196456e+00 3.766020079823286237e-01
1.240937760751719576e+00 3.752148363877647608e-01
1.249337245657721862e+00 3.738303451397936294e-01
1.257793583815287164e+00 3.724485314872649222e-01
1.266307160044705116e+00 3.710693966112457165e-01
1.274878361770982682e+00 3.696929450121932414e-01
1.283507579041474500e+00 3.683191819444892601e-01
1.292195204543633125e+00 3.669481122325350397e-01
1.300941633622878735e+00 3.655797402003828633e-01
1.309747264300589853e+00 3.642140683467279261e-01
1.318612497292215746e+00 3.628510954548803125e-01
1.327537736025512505e+00 3.614908175962435744e-01
1.336523386658901247e+00 3.601332323232664945e-01
1.345569858099950888e+00 3.587783414478261101e-01
1.354677562023986148e+00 3.574261491758362053e-01
1.363846912892822338e+00 3.560766585516106919e-01
1.373078327973625168e+00 3.547298708316050653e-01
1.382372227357899552e+00 3.533857873478997158e-01
1.391729033980606989e+00 3.520444101344088472e-01
1.401149173639411494e+00 3.507057408944437848e-01
1.410633075014056104e+00 3.493697810421792505e-01
1.420181169685871492e+00 3.480365327758648819e-01
1.429793892157415147e+00 3.467059982443240762e-01
1.439471679872244225e+00 3.453781772169131625e-01
1.449214973234822290e+00 3.440530674418299517e-01
1.459024215630560617e+00 3.427306682667863869e-01
1.468899853445995385e+00 3.414109826235721123e-01
1.478842336089101206e+00 3.400940148722664813e-01
1.488852116009742099e+00 3.387797681665643545e-01
1.498929648720260799e+00 3.374682443334783288e-01
1.509075392816208172e+00 3.361594442785272308e-01
1.519289809997212304e+00 3.348533675218238193e-01
1.529573365087988579e+00 3.335500131270082158e-01
1.539926526059491874e+00 3.322493820576691292e-01
1.550349764050214185e+00 3.309514771056942806e-01
1.560843553387622817e+00 3.296563001418409411e-01
1.571408371609745780e+00 3.283638514179583745e-01
1.582044699486903738e+00 3.270741318723153213e-01
1.592753021043588069e+00 3.257871440042508504e-01
1.603533823580486350e+00 3.245028902207338084e-01
1.614387597696659071e+00 3.232213720202030127e-01
1.625314837311864435e+00 3.219425902747599655e-01
1.636316039689035051e+00 3.206665446177784373e-01
1.647391705456906941e+00 3.193932337583445524e-01
1.658542338632801538e+00 3.181226581687066068e-01
1.669768446645562010e+00 3.168548211156948513e-01
1.681070540358644116e+00 3.155897260070792965e-01
1.692449134093364504e+00 3.143273745310563028e-01
1.703904745652305541e+00 3.130677676132241904e-01
1.715437896342878910e+00 3.118109059092032953e-01
1.727049111001048187e+00 3.105567895206787776e-01
1.738738918015213519e+00 3.093054188919072134e-01
1.750507849350255274e+00 3.080567949703420516e-01
1.762356440571743343e+00 3.068109179625200800e-01
1.774285230870308538e+00 3.055677881891334380e-01
1.786294763086178961e+00 3.043274080896665734e-01
1.798385583733883575e+00 3.030897810749724197e-01
1.810558243027121872e+00 3.018549091825379338e-01
1.822813294903802506e+00 3.006227930171719298e-01
1.835151297051251129e+00 2.993934322004678794e-01
1.847572810931588538e+00 2.981668258755228451e-01
1.860078401807282011e+00 2.969429744648221514e-01
1.872668638766866955e+00 2.957218797655811748e-01
1.885344094750846189e+00 2.945035430334360105e-01
1.898105346577760866e+00 2.932879652588548103e-01
1.910952974970440366e+00 2.920751483555280026e-01
1.923887564582429599e+00 2.908650941599686957e-01
1.936909704024593504e+00 2.896578037073714862e-01
1.950019985891903840e+00 2.884532774390240473e-01
1.963219006790405397e+00 2.872515150088030267e-01
1.976507367364366718e+00 2.860525165534670289e-01
1.989885672323611798e+00 2.848562837790497571e-01
2.003354530471040285e+00 2.836628181801956194e-01
2.016914554730330433e+00 2.824721201972364981e-01
2.030566362173833017e+00 2.812841903546725031e-01
2.044310574050650420e+00 2.800990294290069960e-01
2.058147815814908910e+00 2.789166386612476067e-01
2.072078717154220762e+00 2.777370196110783285e-01
2.086103912018339113e+00 2.765601730225633603e-01
2.100224038648006442e+00 2.753860995899408692e-01
2.114439739604000223e+00 2.742148005538887490e-01
2.128751661796372652e+00 2.730462763195833364e-01
2.143160456513888867e+00 2.718805265847235031e-01
2.157666779453666805e+00 2.707175512252204541e-01
2.172271290751014217e+00 2.695573508714368960e-01
2.186974655009469970e+00 2.683999274808956392e-01
2.201777541331048305e+00 2.672452828517803414e-01
2.216680623346686030e+00 2.660934177702339309e-01
2.231684579246899336e+00 2.649443330215340286e-01
2.246790091812644441e+00 2.637980290878956802e-01
2.261997848446388737e+00 2.626545061138061965e-01
2.277308541203393322e+00 2.615137641508288868e-01
2.292722866823205585e+00 2.603758033666230265e-01
2.308241526761365847e+00 2.592406248491970766e-01
2.323865227221326712e+00 2.581082295572549312e-01
2.339594679186592696e+00 2.569786177974021091e-01
2.355430598453073010e+00 2.558517902583582471e-01
2.371373705661655062e+00 2.547277479882021911e-01
2.387424726330999558e+00 2.536064922918979669e-01
2.403584390890554978e+00 2.524880238347186889e-01
2.419853434713798990e+00 2.513723427910656283e-01
2.436232598151700568e+00 2.502594495040873501e-01
2.452722626566413489e+00 2.491493438030549512e-01
2.469324270365192753e+00 2.480420255303211197e-01
2.486038285034545048e+00 2.469374951126177831e-01
2.502865431174607913e+00 2.458357537674598359e-01
2.519806474533761609e+00 2.447368027758261011e-01
2.536862186043476353e+00 2.436406426309469242e-01
2.554033341853395811e+00 2.425472739437022629e-01
2.571320723366654626e+00 2.414566972338005879e-01
2.588725117275439747e+00 2.403689128654552531e-01
2.606247315596790237e+00 2.392839209370346831e-01
2.623888115708637336e+00 2.382017216149321659e-01
2.641648320386092319e+00 2.371223150019117210e-01
2.659528737837978163e+00 2.360457008355144604e-01
2.677530181743607685e+00 2.349718795640344804e-01
2.695653471289811254e+00 2.339008522374373678e-01
2.713899431208216306e+00 2.328326200003832391e-01
2.732268891812777767e+00 2.317671833124055059e-01
2.750762689037562492e+00 2.307045425537175010e-01
2.769381664474790838e+00 2.296446978484392998e-01
2.788126665413133143e+00 2.285876491173129688e-01
2.806998544876269097e+00 2.275333963667472703e-01
2.825998161661703811e+00 2.264819397108964460e-01
2.845126380379851661e+00 2.254332789991368990e-01
2.864384071493379480e+00 2.243874141860465188e-01
2.883772111356819323e+00 2.233443459726540958e-01
2.903291382256448117e+00 2.223040752346473192e-01
2.922942772450439097e+00 2.212666025845444751e-01
2.942727176209281481e+00 2.202319283516996073e-01
2.962645493856477241e+00 2.192000525888455342e-01
2.982698631809511003e+00 2.181709750042370999e-01
3.002887502621098825e+00 2.171446955203560625e-01
3.023213025020715428e+00 2.161212140486557520e-01
3.043676123956401192e+00 2.151005302391780782e-01
3.064277730636856045e+00 2.140826439501093970e-01
3.085018782573813567e+00 2.130675556127854808e-01
3.105900223624704637e+00 2.120552657738892233e-01
3.126923004035610631e+00 2.110457749811761041e-01
3.148088080484503948e+00 2.100390835362458408e-01
3.169396416124783844e+00 2.090351912686336799e-01
3.190848980629108045e+00 2.080340979507315502e-01
3.212446750233517001e+00 2.070358034342320575e-01
3.234190707781861018e+00 2.060403072337842756e-01
3.256081842770524926e+00 2.050476088301953770e-01
3.278121151393458721e+00 2.040577080283388078e-01
3.300309636587507534e+00 2.030706048968246857e-01
3.322648308078056889e+00 2.020862998305299196e-01
3.345138182424977735e+00 2.011047931870095506e-01
3.367780283068889435e+00 2.001260849659348695e-01
3.390575640377730959e+00 1.991501751266103737e-01
3.413525291693651820e+00 1.981770634722353486e-01
3.436630281380216978e+00 1.972067494555165001e-01
3.459891660869932384e+00 1.962392324574844804e-01
3.483310488712092479e+00 1.952745118256424828e-01
3.506887830620950997e+00 1.943125871504061131e-01
3.530624759524218614e+00 1.933534583734516366e-01
3.554522355611887896e+00 1.923971254385728191e-01
3.578581706385389527e+00 1.914435884379588060e-01
3.602803906707081616e+00 1.904928475204359650e-01
3.627190058850071175e+00 1.895449025184893499e-01
3.651741272548377104e+00 1.885997530042218540e-01
3.676458665047429353e+00 1.876573982659157369e-01
3.701343361154912692e+00 1.867178375796031409e-01
3.726396493291950218e+00 1.857810702900437594e-01
3.751619201544638571e+00 1.848470956409851707e-01
3.777012633715929546e+00 1.839159131688578031e-01
3.802577945377860758e+00 1.829875227121990078e-01
3.828316299924144239e+00 1.820619242639960611e-01
3.854228868623106319e+00 1.811391177535627284e-01
3.880316830670990758e+00 1.802191028044484999e-01
3.906581373245619382e+00 1.793018789456879147e-01
3.933023691560414647e+00 1.783874454590291814e-01
3.959644988918792130e+00 1.774758014190072897e-01
3.986446476768918945e+00 1.765669458778679757e-01
4.013429374758841206e+00 1.756608779561657507e-01
4.040594910791988070e+00 1.747575970316583849e-01
4.067944321083047043e+00 1.738571025828985483e-01
4.095478850214223421e+00 1.729593943634654685e-01
4.123199751191873652e+00 1.720644721734782834e-01
4.151108285503529061e+00 1.711723356052269052e-01
4.179205723175299703e+00 1.702829839802262879e-01
4.207493342829669025e+00 1.693964164126330885e-01
4.235972431743680211e+00 1.685126319514286819e-01
4.264644285907518650e+00 1.676316294226340986e-01
4.293510210083481660e+00 1.667534077423230565e-01
4.322571517865362090e+00 1.658779659807025630e-01
4.351829531738218293e+00 1.650053034617283421e-01
4.381285583138561535e+00 1.641354196336136662e-01
4.410941012514943083e+00 1.632683140944376499e-01
4.440797169388953414e+00 1.624039863286792784e-01
4.470855412416632646e+00 1.615424355338647144e-01
4.501117109450304632e+00 1.606836606954316349e-01
4.531583637600817838e+00 1.598276606689168489e-01
4.562256383300213436e+00 1.589744341752047929e-01
4.593136742364820613e+00 1.581239798833926902e-01
4.624226120058772871e+00 1.572762966444992139e-01
4.655525931157957764e+00 1.564313834791070390e-01
4.687037600014400951e+00 1.555892396201196681e-01
4.718762560621077462e+00 1.547498644385853217e-01
4.750702256677175939e+00 1.539132572555978462e-01
4.782858141653790973e+00 1.530794171380731872e-01
4.815231678860068421e+00 1.522483429605448746e-01
4.847824341509796575e+00 1.514200334051954977e-01
4.880637612788442325e+00 1.505944870140277503e-01
4.913672985920653602e+00 1.497717022976645107e-01
4.946931964238204138e+00 1.489516778469844316e-01
4.980416061248410742e+00 1.481344123949995539e-01
5.014126800703003539e+00 1.473199049373286051e-01
5.048065716667470504e+00 1.465081546182810668e-01
5.082234353590864728e+00 1.456991605366032005e-01
5.116634266376091311e+00 1.448929216598913161e-01
5.151267020450659651e+00 1.440894367181425884e-01
5.186134191837926899e+00 1.432887042045924431e-01
5.221237367228816595e+00 1.424907225215935325e-01
5.256578144054018686e+00 1.416954899908684784e-01
5.292158130556691376e+00 1.409030049283584995e-01
5.327978945865640803e+00 1.401132658375419116e-01
5.364042220069003442e+00 1.393262714250266820e-01
5.400349594288428534e+00 1.385420205597844290e-01
5.436902720753758800e+00 1.377605121725730963e-01
5.473703262878216513e+00 1.369817450523964641e-01
5.510752895334102064e+00 1.362057177672745256e-01
5.548053304129002328e+00 1.354324286844031944e-01
5.585606186682514185e+00 1.346618760005550419e-01
5.623413251903490284e+00 1.338940578480905252e-01
5.661476220267805282e+00 1.331289723365395861e-01
5.699796823896647879e+00 1.323666176743581724e-01
5.738376806635345773e+00 1.316069922975689754e-01
5.777217924132720839e+00 1.308500948147444110e-01
5.816321943920984339e+00 1.300959239145212110e-01
5.855690645496170355e+00 1.293444782226687573e-01
5.895325820399115457e+00 1.285957561456587961e-01
5.935229272296986380e+00 1.278497558831843961e-01
5.975402817065356587e+00 1.271064754602579394e-01
6.015848282870845942e+00 1.263659128068447546e-01
6.056567510254307507e+00 1.256280658145957074e-01
6.097562352214591641e+00 1.248929324289429904e-01
6.138834674292862559e+00 1.241605107921664730e-01
6.180386354657501968e+00 1.234307992321803937e-01
6.222219284189568711e+00 1.227037961935111832e-01
6.264335366568855257e+00 1.219795000922955230e-01
6.306736518360510857e+00 1.212579091675425741e-01
6.349424669102263330e+00 1.205390214457821713e-01
6.392401761392223491e+00 1.198228347564438828e-01
6.435669750977286441e+00 1.191093468329027516e-01
6.479230606842130591e+00 1.183985553309729044e-01
6.523086311298824214e+00 1.176904579372246434e-01
6.567238860077027063e+00 1.169850524887623838e-01
6.611690262414815500e+00 1.162823370101377790e-01
6.656442541150111580e+00 1.155823096793407861e-01
6.701497732812740082e+00 1.148849686665036479e-01
6.746857887717101043e+00 1.141903120286824475e-01
6.792525070055474679e+00 1.134983375921481408e-01
6.838501357991956020e+00 1.128090429967793518e-01
6.884788843757022825e+00 1.121224257487434539e-01
6.931389633742750078e+00 1.114384832795043967e-01
6.978305848598663097e+00 1.107572130071241417e-01
7.025539623328239003e+00 1.100786124626592644e-01
7.073093107386069889e+00 1.094026793627319027e-01
7.120968464775669027e+00 1.087294115825935131e-01
7.169167874147955644e+00 1.080588070464151146e-01
7.217693528900394284e+00 1.073908635843972281e-01
7.266547637276808302e+00 1.067255788361757551e-01
7.315732422467871920e+00 1.060629502258672169e-01
7.365250122712279968e+00 1.054029750411799998e-01
7.415102991398601517e+00 1.047456504754005063e-01
7.465293297167824527e+00 1.040909736857865003e-01
7.515823324016598583e+00 1.034389418995504406e-01
7.566695371401162440e+00 1.027895525116585274e-01
7.617911754341997188e+00 1.021428030850640573e-01
7.669474803529163331e+00 1.014986912662824564e-01
7.721386865428371493e+00 1.008572146468976471e-01
7.773650302387757449e+00 1.002183706534238855e-01
7.826267492745389021e+00 9.958215649586060758e-02
7.879240830937490614e+00 9.894856922680647648e-02
7.932572727607413832e+00 9.831760579761313068e-02
7.986265609715330172e+00 9.768926309883689540e-02
8.040321920648679566e+00 9.706353805498514620e-02
8.094744120333357884e+00 9.644042772875231762e-02
8.149534685345662055e+00 9.581992935481187246e-02
8.204696109024990136e+00 9.520204027790407642e-02
8.260230901587306107e+00 9.458675782689189571e-02
8.316141590239366721e+00 9.397407919532924092e-02
8.372430719293735280e+00 9.336400136937168803e-02
8.429100850284557467e+00 9.275652115867660807e-02
8.486154562084131214e+00 9.215163526141188777e-02
8.543594451020259939e+00 9.154934030059576344e-02
8.601423130994410471e+00 9.094963289762421355e-02
8.659643233600652579e+00 9.035250978086442619e-02
8.718257408245424500e+00 8.975796784425510433e-02
8.777268322268090728e+00 8.916600411272074256e-02
8.836678661062329354e+00 8.857661563163328478e-02
8.896491128198329434e+00 8.798979934466645558e-02
8.956708445545832120e+00 8.740555200579720740e-02
9.017333353397981810e+00 8.682387017820498987e-02
9.078368610596033506e+00 8.624475030082802418e-02
9.139816994654903937e+00 8.566818872924981954e-02
9.201681301889557574e+00 8.509418178750342843e-02
9.263964347542261280e+00 8.452272587362585909e-02
9.326668965910702269e+00 8.395381753585494378e-02
9.389798010476960499e+00 8.338745346637956024e-02
9.453354354037360352e+00 8.282363041128505687e-02
9.517340888833214052e+00 8.226234504900352407e-02
9.581760526682421286e+00 8.170359389187424604e-02
9.646616199111990753e+00 8.114737325439071169e-02
9.711910857491437454e+00 8.059367931159476528e-02
9.777647473167087711e+00 8.004250814762742250e-02
9.843829037597304321e+00 7.949385579277071234e-02
9.910458562488608791e+00 7.894771831668864759e-02
9.977539079932736144e+00 7.840409191740638217e-02
1.004507364254462409e+01 7.786297294183218420e-02
1.011306532360131527e+01 7.732435781986735090e-02
1.018151721718181690e+01 7.678824294811120721e-02
1.025043243830790907e+01 7.625462458542113520e-02
1.031981412308588375e+01 7.572349879684854568e-02
1.038966542884927691e+01 7.519486149349216553e-02
1.045998953430253486e+01 7.466870848821050011e-02
1.053078963966567017e+01 7.414503552749106274e-02
1.060206896681989797e+01 7.362383836537579607e-02
1.067383075945424764e+01 7.310511286021752209e-02
1.074607828321317449e+01 7.258885501858305944e-02
1.081881482584516796e+01 7.207506095458497686e-02
1.089204369735236710e+01 7.156372678461506154e-02
1.096576823014119029e+01 7.105484852022746212e-02
1.103999177917397567e+01 7.054842199497918243e-02
1.111471772212165909e+01 7.004444287758190835e-02
1.118994945951748576e+01 6.954290673187139837e-02
1.126569041491174161e+01 6.904380905095669485e-02
1.134194403502756821e+01 6.854714531020636437e-02
1.141871378991779551e+01 6.805291106480286512e-02
1.149600317312286002e+01 6.756110201177770169e-02
1.157381570182978336e+01 6.707171397483908948e-02
1.165215491703223094e+01 6.658474281586185262e-02
1.173102438369164169e+01 6.610018432714670489e-02
1.181042769089946809e+01 6.561803414758382580e-02
1.189036845204050152e+01 6.513828774679344957e-02
1.197085030495729896e+01 6.466094048236829817e-02
1.205187691211573586e+01 6.418598764020842784e-02
1.213345196077167465e+01 6.371342447117792074e-02
1.221557916313875403e+01 6.324324628037046592e-02
1.229826225655731875e+01 6.277544850244949626e-02
1.238150500366450224e+01 6.231002671076423666e-02
1.246531119256544606e+01 6.184697654968912550e-02
1.254968463700567938e+01 6.138629362919330312e-02
1.263462917654468320e+01 6.092797343437215962e-02
1.272014867673060401e+01 6.047201128459085695e-02
1.280624702927616809e+01 6.001840237802142514e-02
1.289292815223577726e+01 5.956714183854291966e-02
1.298019599018380887e+01 5.911822474372919328e-02
1.306805451439412558e+01 5.867164619809264042e-02
1.315650772302078231e+01 5.822740141679445119e-02
1.324555964127998031e+01 5.778548575632340423e-02
1.333521432163323972e+01 5.734589466855252032e-02
1.342547584397180671e+01 5.690862360225030364e-02
1.351634831580232721e+01 5.647366790864232627e-02
1.360783587243375514e+01 5.604102278181057745e-02
1.369994267716554504e+01 5.561068328118716486e-02
1.379267292147710577e+01 5.518264438308544823e-02
1.388603082521854226e+01 5.475690100750298800e-02
1.398002063680268670e+01 5.433344807106233604e-02
1.407464663339843369e+01 5.391228057325709450e-02
1.416991312112536860e+01 5.349339364420441223e-02
1.426582443524974408e+01 5.307678252048077944e-02
1.436238494038174274e+01 5.266244245849262262e-02
1.445959903067411467e+01 5.225036863800526510e-02
1.455747113002212600e+01 5.184055609009653731e-02
1.465600569226488936e+01 5.143299969288381984e-02
1.475520720138803021e+01 5.102769422320913711e-02
1.485508017172774942e+01 5.062463438726939879e-02
1.495562914817625000e+01 5.022381485570168863e-02
1.505685870638856372e+01 4.982523034499857645e-02
1.515877345299076850e+01 4.942887567815975464e-02
1.526137802578962877e+01 4.903474578228637915e-02
1.536467709398363901e+01 4.864283561907660480e-02
1.546867535837550989e+01 4.825314008898091978e-02
1.557337755158608417e+01 4.786565395219431751e-02
1.567878843826970225e+01 4.748037180014505476e-02
1.578491281533102431e+01 4.709728810015870876e-02
1.589175551214332849e+01 4.671639723275139433e-02
1.599932139076826942e+01 4.633769351622239741e-02
1.610761534617714474e+01 4.596117127679121006e-02
1.621664230647364491e+01 4.558682491918174262e-02
1.632640723311811470e+01 4.521464894539600765e-02
1.643691512115332998e+01 4.484463790556670465e-02
1.654817099943181091e+01 4.447678630774774822e-02
1.666017993084467719e+01 4.411108853612889097e-02
1.677294701255201659e+01 4.374753880513055498e-02
1.688647737621486655e+01 4.338613118945954666e-02
1.700077618822873049e+01 4.302685966860443634e-02
1.711584864995867861e+01 4.266971814970994814e-02
1.723169999797605101e+01 4.231470052229761858e-02
1.734833550429675597e+01 4.196180073531381727e-02
1.746576047662118114e+01 4.161101283492812941e-02
1.758398025857572478e+01 4.126233093684465031e-02
1.770300022995598255e+01 4.091574914700652627e-02
1.782282580697154017e+01 4.057126147981428982e-02
1.794346244249247135e+01 4.022886180130337552e-02
1.806491562629746284e+01 3.988854383870863579e-02
1.818719088532364481e+01 3.955030122967424094e-02
1.831029378391810880e+01 3.921412754919813975e-02
1.843422992409110250e+01 3.888001634860558525e-02
1.855900494577098314e+01 3.854796123297210553e-02
1.868462452706085841e+01 3.821795591333206066e-02
1.881109438449697535e+01 3.788999419991745388e-02
1.893842027330888200e+01 3.756406993765739472e-02
1.906660798768129439e+01 3.724017692507129024e-02
1.919566336101780735e+01 3.691830885067902412e-02
1.932559226620633197e+01 3.659845928009621691e-02
1.945640061588635561e+01 3.628062170257986135e-02
1.958809436271800308e+01 3.596478956351575884e-02
1.972067949965293820e+01 3.565095629061117155e-02
1.985416206020706298e+01 3.533911536278732529e-02
1.998854811873509973e+01 3.502926037128114428e-02
2.012384379070700646e+01 3.472138503069761850e-02
2.026005523298626798e+01 3.441548313019794636e-02
2.039718864411009136e+01 3.411154845357518284e-02
2.053525026457145941e+01 3.380957470992342062e-02
2.067424637710313107e+01 3.350955550024713181e-02
2.081418330696354246e+01 3.321148435125371307e-02
2.095506742222464780e+01 3.291535475149936357e-02
2.109690513406171419e+01 3.262116016953278685e-02
2.123970289704506342e+01 3.232889410654307683e-02
2.138346720943381030e+01 3.203855016069341588e-02
2.152820461347156922e+01 3.175012205195577170e-02
2.167392169568417160e+01 3.146360358787455430e-02
2.182062508717940474e+01 3.117898858733425538e-02
2.196832146394875096e+01 3.089627080646205337e-02
2.211701754717122270e+01 3.061544388935395419e-02
2.226672010351918729e+01 3.033650138157883980e-02
2.241743594546631968e+01 3.005943676818014984e-02
2.256917193159760870e+01 2.978424349001262267e-02
2.272193496692146653e+01 2.951091497815232223e-02
2.287573200318395550e+01 2.923944471773227971e-02
2.303057003918513246e+01 2.896982628414770250e-02
2.318645612109755660e+01 2.870205332501036752e-02
2.334339734278692546e+01 2.843611949351832272e-02
2.350140084613489222e+01 2.817201837324676689e-02
2.366047382136407506e+01 2.790974342073103062e-02
2.382062350736526568e+01 2.764928795861711433e-02
2.398185719202683686e+01 2.739064521466376065e-02
2.414418221256639185e+01 2.713380834342487766e-02
2.430760595586465911e+01 2.687877044877291441e-02
2.447213585880165709e+01 2.662552464489541942e-02
2.463777940859510096e+01 2.637406410436141102e-02
2.480454414314113265e+01 2.612438205963747012e-02
2.497243765135734961e+01 2.587647175351501586e-02
2.514146757352813921e+01 2.563032636840336526e-02
2.531164160165237931e+01 2.538593896818731183e-02
2.548296747979346222e+01 2.514330247695095721e-02
2.565545300443170973e+01 2.490240971571446721e-02
2.582910602481915774e+01 2.466325343375223855e-02
2.600393444333676385e+01 2.442582632745021742e-02
2.617994621585399884e+01 2.419012109489938195e-02
2.635714935209091081e+01 2.395613049429181490e-02
2.653555191598261231e+01 2.372384736452791756e-02
2.671516202604624723e+01 2.349326459440106291e-02
2.689598785575043038e+01 2.326437505942459058e-02
2.707803763388720242e+01 2.303717156442364883e-02
2.726131964494650006e+01 2.281164681136874442e-02
2.744584222949314523e+01 2.258779342507678117e-02
2.763161378454639561e+01 2.236560399100621932e-02
2.781864276396208169e+01 2.214507107362650995e-02
2.800693767881729812e+01 2.192618725738974123e-02
2.819650709779772413e+01 2.170894520783066273e-02
2.838735964758754449e+01 2.149333770403853358e-02
2.857950401326204215e+01 2.127935762168911907e-02
2.877294893868280568e+01 2.106699787564259713e-02
2.896770322689564736e+01 2.085625135925134321e-02
2.916377574053120014e+01 2.064711090053649584e-02
2.936117540220821809e+01 2.043956926678053287e-02
2.955991119493962671e+01 2.023361920070640765e-02
2.975999216254130175e+01 2.002925343720352372e-02
2.996142741004363330e+01 1.982646472615052363e-02
3.016422610410585392e+01 1.962524588666929304e-02
3.036839747343318763e+01 1.942558984390350962e-02
3.057395080919683039e+01 1.922748962202247211e-02
3.078089546545673727e+01 1.903093829311652482e-02
3.098924085958731922e+01 1.883592891219288204e-02
3.119899647270597853e+01 1.864245446442928597e-02
3.141017185010457169e+01 1.845050784861737569e-02
3.162277660168378901e+01 1.826008190735518150e-02
3.183682040239046174e+01 1.807116944595081945e-02
3.205231299265783207e+01 1.788376324399462355e-02
3.226926417884883591e+01 1.769785610088664418e-02
3.248768383370231305e+01 1.751344087863308460e-02
3.270758189678232952e+01 1.733051050898661710e-02
3.292896837493046291e+01 1.714905795648712789e-02
3.315185334272120343e+01 1.696907615783713880e-02
3.337624694292038185e+01 1.679055796946528345e-02
3.360215938694678073e+01 1.661349614085111046e-02
3.382960095533677247e+01 1.643788333974499638e-02
3.405858199821220467e+01 1.626371218041433586e-02
3.428911293575135488e+01 1.609097523644188732e-02
3.452120425866313269e+01 1.591966507968603506e-02
3.475486652866450044e+01 1.574977433180401939e-02
3.499011037896107013e+01 1.558129568831849270e-02
3.522694651473101146e+01 1.541422189962773567e-02
3.546538571361217862e+01 1.524854572035339376e-02
3.570543882619260501e+01 1.508425986003068299e-02
3.594711677650424519e+01 1.492135695087289972e-02
3.619043056252010615e+01 1.475982956171753742e-02
3.643539125665473222e+01 1.459967023174346158e-02
3.668201000626806518e+01 1.444087148553148750e-02
3.693029803417272916e+01 1.428342585942849255e-02
3.718026663914474028e+01 1.412732595234475474e-02
3.743192719643768385e+01 1.397256445705076164e-02
3.768529115830035892e+01 1.381913415151945351e-02
3.794037005449794009e+01 1.366702785319796713e-02
3.819717549283664226e+01 1.351623836535991927e-02
3.845571915969198074e+01 1.336675843496789792e-02
3.871601282054055559e+01 1.321858074566308050e-02
3.897806832049546699e+01 1.307169794590794069e-02
3.924189758484535417e+01 1.292610266228132535e-02
3.950751261959707961e+01 1.278178751038159394e-02
3.977492551202205817e+01 1.263874513587275386e-02
4.004414843120635226e+01 1.249696824793034011e-02
4.031519362860439060e+01 1.235644961955282596e-02
4.058807343859654537e+01 1.221718205051871599e-02
4.086280027905040413e+01 1.207915831424544520e-02
4.113938665188585730e+01 1.194237111398151717e-02
4.141784514364404401e+01 1.180681306499449350e-02
4.169818842606010634e+01 1.167247672146115925e-02
4.198042925663985159e+01 1.153935459996441662e-02
4.226458047924027994e+01 1.140743919206368279e-02
4.255065502465410532e+01 1.127672300443900016e-02
4.283866591119815581e+01 1.114719860524597539e-02
4.312862624530581712e+01 1.101885864464776689e-02
4.342054922212345502e+01 1.089169583845047730e-02
4.371444812611088793e+01 1.076570292750333654e-02
4.401033633164592374e+01 1.064087264083435520e-02
4.430822730363295392e+01 1.051719767516335648e-02
4.460813459811574688e+01 1.039467071598393702e-02
4.491007186289429853e+01 1.027328446734949823e-02
4.521405283814590348e+01 1.015303166370961838e-02
4.552009135705046106e+01 1.003390509558353162e-02
4.582820134641993803e+01 9.915897651093630305e-03
4.613839682733213721e+01 9.799002336102213134e-03
4.645069191576877188e+01 9.683212257310397017e-03
4.676510082325782491e+01 9.568520573898840406e-03
4.708163785752027053e+01 9.454920444892610937e-03
4.740031742312116592e+01 9.342404986709596307e-03
4.772115402212516244e+01 9.230967264254390583e-03
4.804416225475645774e+01 9.120600306660215859e-03
4.836935682006318160e+01 9.011297107767190714e-03
4.869675251658630799e+01 8.903050630342261920e-03
4.902636424303310037e+01 8.795853837470340650e-03
4.935820699895509733e+01 8.689699715601873278e-03
4.969229588543069553e+01 8.584581270148433987e-03
5.002864610575232263e+01 8.480491492851328916e-03
5.036727296611834248e+01 8.377423322301189371e-03
5.070819187632955050e+01 8.275369616761528435e-03
5.105141835049041532e+01 8.174323155295825510e-03
5.139696800771512386e+01 8.074276677456066961e-03
5.174485657283830164e+01 7.975222916699055767e-03
5.209509987713062884e+01 7.877154627958271246e-03
5.244771385901927374e+01 7.780064641639581474e-03
5.280271456481316505e+01 7.683945917364377355e-03
5.316011814943325930e+01 7.588791571448838015e-03
5.351994087714763992e+01 7.494594869887956194e-03
5.388219912231169673e+01 7.401349199302164825e-03
5.424690937011325076e+01 7.309048037901499928e-03
5.461408821732273822e+01 7.217684936808293518e-03
5.498375237304848184e+01 7.127253531984964821e-03
5.535591865949706403e+01 7.037747551274315706e-03
5.573060401273885134e+01 6.949160800937460684e-03
5.610782548347871312e+01 6.861487164209689564e-03
5.648760023783190576e+01 6.774720606240774295e-03
5.686994555810529306e+01 6.688855157003271990e-03
5.725487884358378210e+01 6.603884862497399859e-03
5.764241761132210229e+01 6.519803713677269422e-03
5.803257949694196327e+01 6.436605579181509801e-03
5.842538225543459163e+01 6.354284154510124287e-03
5.882084376196869613e+01 6.272832951228702464e-03
5.921898201270391837e+01 6.192245311084037737e-03
5.961981512560976881e+01 6.112514415864710171e-03
6.002336134129011924e+01 6.033633315648287074e-03
6.042963902381327301e+01 5.955594988714174587e-03
6.083866666154766989e+01 5.878392399993953403e-03
6.125046286800318995e+01 5.802018541619638828e-03
6.166504638267824845e+01 5.726466454371520812e-03
6.208243607191252522e+01 5.651729247251043725e-03
6.250265092974552061e+01 5.577800125254654684e-03
6.292571007878092360e+01 5.504672437540844218e-03
6.335163277105682056e+01 5.432339744963575641e-03
6.378043838892177320e+01 5.360795865353857811e-03
6.421214644591685783e+01 5.290034901522079093e-03
6.464677658766366619e+01 5.220051276391132929e-03
6.508434859275830320e+01 5.150839747419039792e-03
6.552488237367145985e+01 5.082395381512679923e-03
6.596839797765454705e+01 5.014713487743168406e-03
6.641491558765201830e+01 4.947789524167973095e-03
6.686445552321974617e+01 4.881619000085548124e-03
6.731703824144980786e+01 4.816197388175401904e-03
6.777268433790135305e+01 4.751520066655664891e-03
6.823141454753782398e+01 4.687582261456598592e-03
6.869324974567061304e+01 4.624378986143759702e-03
6.915821094890894472e+01 4.561905013606148106e-03
6.962631931611633718e+01 4.500154870081997903e-03
7.009759614937343031e+01 4.439122830783012903e-03
7.057206289494737916e+01 4.378802910361128710e-03
7.104974114426785547e+01 4.319188856388443513e-03
7.153065263490952930e+01 4.260274164286551035e-03
7.201481925158131503e+01 4.202052118667202324e-03
7.250226302712225390e+01 4.144515875923817511e-03
7.299300614350418925e+01 4.087658561006877328e-03
7.348707093284116354e+01 4.031473351411357306e-03
7.398447987840567919e+01 3.975953565431880957e-03
7.448525561565188013e+01 3.921092752872631579e-03
7.498942093324556879e+01 3.866884754724337400e-03
7.549699877410125737e+01 3.813323714799973091e-03
7.600801223642622517e+01 3.760404041052296288e-03
7.652248457477166710e+01 3.708120330756080590e-03
7.704043920109090493e+01 3.656467265496813820e-03
7.756189968580478933e+01 3.605439489564030587e-03
7.808688975887430672e+01 3.555031466742452576e-03
7.861543331088050479e+01 3.505237285550102683e-03
7.914755439411159443e+01 3.456050427974618425e-03
7.968327722365755506e+01 3.407463525221624337e-03
8.022262617851203004e+01 3.359468081316206809e-03
8.076562580268181080e+01 3.312054159152908774e-03
8.131230080630368207e+01 3.265210038308972041e-03
8.186267606676891262e+01 3.218921871680015083e-03
8.241677662985536301e+01 3.173173369501020979e-03
8.297462771086726718e+01 3.127945538193462049e-03
8.353625469578260265e+01 3.083216502705082157e-03
8.410168314240843301e+01 3.038961400064790503e-03
8.467093878154389586e+01 2.995152363640668416e-03
8.524404751815112036e+01 2.951758642357132836e-03
8.582103543253413136e+01 2.908746854370963548e-03
8.640192878152561207e+01 2.866081369905005422e-03
8.698675399968182376e+01 2.823724825206160027e-03
8.757553770048552622e+01 2.781638777077140821e-03
8.816830667755706941e+01 2.739784507459551693e-03
8.876508790587372744e+01 2.698123970024851430e-03
8.936590854299713271e+01 2.656620871928781075e-03
8.997079593030926503e+01 2.615241836086682880e-03
9.057977759425659769e+01 2.573957593537607932e-03
9.119288124760268488e+01 2.532744185622611433e-03
9.181013479068940342e+01 2.491584125922850952e-03
9.243156631270649370e+01 2.450467450525768177e-03
9.305720409296988294e+01 2.409392598669752011e-03
9.368707660220853484e+01 2.368367080606660364e-03
9.432121250386006750e+01 2.327407906468741301e-03
9.495964065537515353e+01 2.286541747338544355e-03
9.560239010953074512e+01 2.245804818042502777e-03
9.624949011575209568e+01 2.205242457875867916e-03
9.690097012144387634e+01 2.164908385150166644e-03
9.755685977333020276e+01 2.124863653441098378e-03
9.821718891880377100e+01 2.085175347857111915e-03
9.888198760728410264e+01 2.045915038166779779e-03
9.955128609158499842e+01 2.007157029995482959e-03
1.002251148292912717e+02 1.968976475444049468e-03
1.009035044841447331e+02 1.931447424820684038e-03
1.015864859274395968e+02 1.894640901100851441e-03
1.022740902394273661e+02 1.858623080608332728e-03
1.029663487107311965e+02 1.823453654630950846e-03
1.036632928437697814e+02 1.789184408601102476e-03
1.043649543541909708e+02 1.755858077801336018e-03
1.050713651723150122e+02 1.723507541376613234e-03
1.057825574445876384e+02 1.692155362572953957e-03
1.064985635350428765e+02 1.661813670846262704e-03
1.072194160267759315e+02 1.632484373605906864e-03
1.079451477234258476e+02 1.604159679733625039e-03
1.086757916506683017e+02 1.576822904682303973e-03
1.094113810577185575e+02 1.550449507498940409e-03
1.101519494188444810e+02 1.525008307013106133e-03
1.108975304348898305e+02 1.500462783233105692e-03
1.116481580348079063e+02 1.476772387403432578e-03
1.124038663772055457e+02 1.453893816126067273e-03
1.131646898518975490e+02 1.431782184778275730e-03
1.139306630814716499e+02 1.410392038899174576e-03
1.147018209228640728e+02 1.389678167990472755e-03
1.154781984689458056e+02 1.369596213186095564e-03
1.162598310501194732e+02 1.350103085334267280e-03
1.170467542359271960e+02 1.331157216156862071e-03
1.178390038366692067e+02 1.312718686781248019e-03
1.186366159050334232e+02 1.294749259427093943e-03
1.194396267377361625e+02 1.277212339674611580e-03
1.202480728771738399e+02 1.260072927797523373e-03
1.210619911130858810e+02 1.243297601138603501e-03
1.218814184842289450e+02 1.226854535655171139e-03
1.227063922800624169e+02 1.210713574036819144e-03
1.235369500424452980e+02 1.194846342982358069e-03
1.243731295673446766e+02 1.179226419788012093e-03
1.252149689065556544e+02 1.163829530956426300e-03
1.260625063694329526e+02 1.148633762298664979e-03
1.269157805246343003e+02 1.133619745761001770e-03
1.277748302018754742e+02 1.118770768679647545e-03
1.286396944936974194e+02 1.104072787582208864e-03
1.295104127572451773e+02 1.089514345758413414e-03
1.303870246160587953e+02 1.075086374596456555e-03
1.312695699618767264e+02 1.060781880378555654e-03
1.321580889564508539e+02 1.046595539127966653e-03
1.330526220333743481e+02 1.032523242501193639e-03
1.339532098999216316e+02 1.018561644190286476e-03
1.348598935389007352e+02 1.004707754825953994e-03
1.357727142105183873e+02 9.909586321105651793e-04
1.366917134542575525e+02 9.773111739976453067e-04
1.376169330907678443e+02 9.637620308810539594e-04
1.385484152237686430e+02 9.503076572086720936e-04
1.394862022419649463e+02 9.369444785263785630e-04
1.404303368209765779e+02 9.236691340774627916e-04
1.413808619252800440e+02 9.104787525014547498e-04
1.423378208101636915e+02 8.973712207512435628e-04
1.433012570236962517e+02 8.843454114144335852e-04
1.442712144087084880e+02 8.714013320372815136e-04
1.452477371047883423e+02 8.585401793573899185e-04
1.462308695502895830e+02 8.457642699173463291e-04
1.472206564843540093e+02 8.330768415845906218e-04
1.482171429489475258e+02 8.204817632497988329e-04
1.492203742909096889e+02 8.079831884501891210e-04
1.502303961640173782e+02 7.955851832863391430e-04
1.512472545310623104e+02 7.832913715017822236e-04
1.522709956659427348e+02 7.711046432676923633e-04
1.533016661557691123e+02 7.590269724825999750e-04
1.543393129029841759e+02 7.470593657801285212e-04
1.553839831274973733e+02 7.352019555464118497e-04
1.564357243688335188e+02 7.234542169266209828e-04
1.574945844882963684e+02 7.118152616349774373e-04
1.585606116711465461e+02 7.002841760341975462e-04
1.596338544287941943e+02 6.888603645301665922e-04
1.607143616010067433e+02 6.775438350998577155e-04
1.618021823581313470e+02 6.663353798604108088e-04
1.628973662033324956e+02 6.552366234821420127e-04
1.639999629748446637e+02 6.442499388472076090e-04
1.651100228482404759e+02 6.333782466172655423e-04
1.662275963387138233e+02 6.226247335366387730e-04
1.673527343033787815e+02 6.119925359152497907e-04
1.684854879435838484e+02 6.014844180045104570e-04
1.696259088072420411e+02 5.911024951385703691e-04
1.707740487911766820e+02 5.808480562173088226e-04
1.719299601434829015e+02 5.707215013788226278e-04
1.730936954659054834e+02 5.607223971930445569e-04
1.742653077162324280e+02 5.508496395878834800e-04
1.754448502107050558e+02 5.411017035480106437e-04
1.766323766264440280e+02 5.314769459124919077e-04
1.778279410038922492e+02 5.219739133323589731e-04
1.790315977492739421e+02 5.125916130978183487e-04
1.802434016370704910e+02 5.033296892570154543e-04
1.814634078125131396e+02 4.941884736060057643e-04
1.826916717940924002e+02 4.851689211497730637e-04
1.839282494760844600e+02 4.762724414158079006e-04
1.851731971310949234e+02 4.675006457598939965e-04
1.864265714126194382e+02 4.588550480148183416e-04
1.876884293576218283e+02 4.503367662903680390e-04
1.889588283891297635e+02 4.419462787508713708e-04
1.902378263188477945e+02 4.336832736759936796e-04
1.915254813497881798e+02 4.255466288234971872e-04
1.928218520789195622e+02 4.175345199053220858e-04
1.941269974998334646e+02 4.096446316798213211e-04
1.954409770054290050e+02 4.018744452402978453e-04
1.967638503906155734e+02 3.942215554498218174e-04
1.980956778550338413e+02 3.866839528998500882e-04
1.994365200057954723e+02 3.792602216169215618e-04
2.007864378602409090e+02 3.719496243831247923e-04
2.021454928487162590e+02 3.647520717388646658e-04
2.035137468173686557e+02 3.576679826467426648e-04
2.048912620309608030e+02 3.506980618284398651e-04
2.062781011757042791e+02 3.438430271661039824e-04
2.076743273621123365e+02 3.371033166333190661e-04
2.090800041278717742e+02 3.304788305164786037e-04
2.104951954407343351e+02 3.239687679477092205e-04
2.119199657014276852e+02 3.175715808236770224e-04
2.133543797465860621e+02 3.112850495640559424e-04
2.147985028517008175e+02 3.051064635521549156e-04
2.162524007340908554e+02 2.990328741523127294e-04
2.177161395558931645e+02 2.930613779452626564e-04
2.191897859270738138e+02 2.871893848411929615e-04
2.206734069084589294e+02 2.814148360030157962e-04
2.221670700147865887e+02 2.757363268618278642e-04
2.236708432177790939e+02 2.701531164962269718e-04
2.251847949492361636e+02 2.646650344126738022e-04
2.267089941041490988e+02 2.592722956736576026e-04
2.282435100438358972e+02 2.539752508954590108e-04
2.297884125990976827e+02 2.487741148832434352e-04
2.313437720733965079e+02 2.436687253811215957e-04
2.329096592460545310e+02 2.386583794807855174e-04
2.344861453754751608e+02 2.337417741630230859e-04
2.360733022023855199e+02 2.289170638864106784e-04
2.376712019531013595e+02 2.241820118202504967e-04
2.392799173428137181e+02 2.195341973771496068e-04
2.408995215788980033e+02 2.149712495605617492e-04
2.425300883642453869e+02 2.104910638380670630e-04
2.441716919006168212e+02 2.060919550493379429e-04
2.458244068920196810e+02 2.017727181892672178e-04
2.474883085481073408e+02 1.975325908199196726e-04
2.491634725876016319e+02 1.933711342857105512e-04
2.508499752417386901e+02 1.892880602764604665e-04
2.525478932577378544e+02 1.852830410075986920e-04
2.542573039022943249e+02 1.813555351825462162e-04
2.559782849650951277e+02 1.775046506535891803e-04
2.577109147623592662e+02 1.737290760874986772e-04
2.594552721404015188e+02 1.700271052799840615e-04
2.612114364792204242e+02 1.663967460770994847e-04
2.629794876961108798e+02 1.628358920692374442e-04
2.647595062493005571e+02 1.593425203095082674e-04
2.665515731416114704e+02 1.559148729869405745e-04
2.683557699241462160e+02 1.525515823637304104e-04
2.701721786999989376e+02 1.492517141474201665e-04
2.720008821279917584e+02 1.460147296700160335e-04
2.738419634264360525e+02 1.428403742394247495e-04
2.756955063769197523e+02 1.397285236006325386e-04
2.775615953281197221e+02 1.366790287578397887e-04
2.794403151996402244e+02 1.336915769790443672e-04
2.813317514858775894e+02 1.307655827036532318e-04
2.832359902599103521e+02 1.279001219309971646e-04
2.851531181774165020e+02 1.250939241104163935e-04
2.870832224806168256e+02 1.223454325587200117e-04
2.890263910022449636e+02 1.196529315741512737e-04
2.909827121695442997e+02 1.170147272474995952e-04
2.929522750082923039e+02 1.144293334683815007e-04
2.949351691468513081e+02 1.118956073327906787e-04
2.969314848202478174e+02 1.094127987747708707e-04
2.989413128742782533e+02 1.069804983195052030e-04
3.009647447696433460e+02 1.045984990487579562e-04
3.030018725861102098e+02 1.022666212975277886e-04
3.050527890267024986e+02 9.998455887660021447e-05
3.071175874219189836e+02 9.775179021830342381e-05
3.091963617339808366e+02 9.556755477769222516e-05
3.112892065611075054e+02 9.343086667424562624e-05
3.133962171418215235e+02 9.134052900105349556e-05
3.155174893592825356e+02 8.929514272451530299e-05
3.176531197456507130e+02 8.729315160379466892e-05
3.198032054864793849e+02 8.533296172590777555e-05
3.219678444251378551e+02 8.341312423199129418e-05
3.241471350672638323e+02 8.153252173679882914e-05
3.263411765852462167e+02 7.969046812161169617e-05
3.285500688227378987e+02 7.788665357067653448e-05
3.307739122991995373e+02 7.612094071367024671e-05
3.330128082144736368e+02 7.439311186965996984e-05
3.352668584533901139e+02 7.270270261028983702e-05
3.375361655904025042e+02 7.104899043548045781e-05
3.398208328942558865e+02 6.943111147965839688e-05
3.421209643326862420e+02 6.784820456952109073e-05
3.444366645771518165e+02 6.629947187111407878e-05
3.467680390075962578e+02 6.478412579578521477e-05
3.491151937172441535e+02 6.330129209713209512e-05
3.514782355174289705e+02 6.184998849326777293e-05
3.538572719424536785e+02 6.042924732588836681e-05
3.562524112544844002e+02 5.903832826590616996e-05
3.586637624484768025e+02 5.767687797787833509e-05
3.610914352571364816e+02 5.634490028427937143e-05
3.635355401559121447e+02 5.504252826987458038e-05
3.659961883680232972e+02 5.376972867378264879e-05
3.684734918695215242e+02 5.252610484288347791e-05
3.709675633943860475e+02 5.131089853401187906e-05
3.734785164396540154e+02 5.012316498390048447e-05
3.760064652705854655e+02 4.896199152396091194e-05
3.785515249258629069e+02 4.782662207359571866e-05
3.811138112228265982e+02 4.671643710974767377e-05
3.836934407627448422e+02 4.563085726807215793e-05
3.862905309361202058e+02 4.456927537063112989e-05
3.889051999280316636e+02 4.353107587767163900e-05
3.915375667235126116e+02 4.251572382947121643e-05
3.941877511129656000e+02 4.152284532336412265e-05
3.968558736976137311e+02 4.055222829510714386e-05
3.995420558949885503e+02 3.960373672185238077e-05
4.022464199444555675e+02 3.867718661273764178e-05
4.049690889127769537e+02 3.777224661881241823e-05
4.077101866997117554e+02 3.688839637110605230e-05
4.104698380436543061e+02 3.602494504549753218e-05
4.132481685273107814e+02 3.518109864681379507e-05
4.160453045834136674e+02 3.435606035209329875e-05
4.188613735004756791e+02 3.354914851537831993e-05
4.216965034285821616e+02 3.275989924529911705e-05
4.245508233852225999e+02 3.198809787324896056e-05
4.274244632611619181e+02 3.123370102555217344e-05
4.303175538263514568e+02 3.049667020581003284e-05
4.332302267358797394e+02 2.977680799325073760e-05
4.361626145359638258e+02 2.907369936545324915e-05
4.391148506699807399e+02 2.838679426320903830e-05
4.420870694845405637e+02 2.771556674607175268e-05
4.450794062355994924e+02 2.705962096905919597e-05
4.480919970946154649e+02 2.641866885807710912e-05
4.511249791547444374e+02 2.579241415689057537e-05
4.541784904370794038e+02 2.518044131305782331e-05
4.572526698969309678e+02 2.458220771820415456e-05
4.603476574301509459e+02 2.399716129803864713e-05
4.634635938794985464e+02 2.342490311340477389e-05
4.666006210410495214e+02 2.286527606888464657e-05
4.697588816706490888e+02 2.231831168479783629e-05
4.729385194904079981e+02 2.178407352100243048e-05
4.761396791952431045e+02 2.126250429237513229e-05
4.793625064594618834e+02 2.075336544921003678e-05
4.826071479433913964e+02 2.025627469096505663e-05
4.858737513000527315e+02 1.977078292680715187e-05
4.891624651818797247e+02 1.929643966851989011e-05
4.924734392474840092e+02 1.883284000495845609e-05
4.958068241684654822e+02 1.837966757076169889e-05
4.991627716362685305e+02 1.793672552981153158e-05
5.025414343690854366e+02 1.750392654403443694e-05
5.059429661188057707e+02 1.708124140343497300e-05
5.093675216780133610e+02 1.666862405157709377e-05
5.128152568870302730e+02 1.626593565000252154e-05
5.162863286410084811e+02 1.587291782105604759e-05
5.197808948970699703e+02 1.548925690018337418e-05
5.232991146814945296e+02 1.511470192732174906e-05
5.268411480969568856e+02 1.474912457673929052e-05
5.304071563298118690e+02 1.439244641312520265e-05
5.339973016574301710e+02 1.404450572381360529e-05
5.376117474555824174e+02 1.370500575884034985e-05
5.412506582058742879e+02 1.337358025903168477e-05
5.449141995032316572e+02 1.304989155215197639e-05
5.486025380634355315e+02 1.273369250554654035e-05
5.523158417307097352e+02 1.242485319126116606e-05
5.560542794853581654e+02 1.212334176522738454e-05
5.598180214514547970e+02 1.182913212471933089e-05
5.636072389045856426e+02 1.154210258428486994e-05
5.674221042796427810e+02 1.126203555884669281e-05
5.712627911786712502e+02 1.098869818504955313e-05
5.751294743787692596e+02 1.072186930018795642e-05
5.790223298400417207e+02 1.046128443917012243e-05
5.829415347136073251e+02 1.020663515792801965e-05
5.868872673496604193e+02 9.957677263920733043e-06
5.908597073055871078e+02 9.714313658856626118e-06
5.948590353541362674e+02 9.476545652652016140e-06
5.988854334916459266e+02 9.244374056134067392e-06
6.029390849463252380e+02 9.017759094177388532e-06
6.070201741865927261e+02 8.796605767456456781e-06
6.111288869294708093e+02 8.580735524678888829e-06
6.152654101490370522e+02 8.369914280154228849e-06
6.194299320849330570e+02 8.163963975468640005e-06
6.236226422509300846e+02 7.962831441960383148e-06
6.278437314435540202e+02 7.766511634879157252e-06
6.320933917507668411e+02 7.574931384174433325e-06
6.363718165607091350e+02 7.387952449288696801e-06
6.406792005704994608e+02 7.205460517090454342e-06
6.450157397950948734e+02 7.027391908104327059e-06
6.493816315762111344e+02 6.853688061720857983e-06
6.537770745913027213e+02 6.684272085138371261e-06
6.582022688626040008e+02 6.519068566607811025e-06
6.626574157662319067e+02 6.358012734125493621e-06
6.671427180413493261e+02 6.201037530311226148e-06
6.716583797993920371e+02 6.048064330833734264e-06
6.762046065333560136e+02 5.898991827278450938e-06
6.807816051271497599e+02 5.753678258721618049e-06
6.853895838650081487e+02 5.611937851701764875e-06
6.900287524409711750e+02 5.473571195943195119e-06
6.946993219684263750e+02 5.338420342349018964e-06
6.994015049897159315e+02 5.206407778204533766e-06
7.041355154858085825e+02 5.077526302558232827e-06
7.089015688860374667e+02 4.951783442670570189e-06
7.136998820779034531e+02 4.829132106144124622e-06
7.185306734169448646e+02 4.709455666385619671e-06
7.233941627366746161e+02 4.592636198863204601e-06
7.282905713585832927e+02 4.478602687180982878e-06
7.332201221022116897e+02 4.367281707607416134e-06
7.381830392952898592e+02 4.258557577985262726e-06
7.431795487839460748e+02 4.152324026622229292e-06
7.482098779429837805e+02 4.048541673418655505e-06
7.532742556862292531e+02 3.947225097583047471e-06
7.583729124769483860e+02 3.848384503976068759e-06
7.635060803383344137e+02 3.751999835409988687e-06
7.686739928640664630e+02 3.658048170339900341e-06
7.738768852289399547e+02 3.566490511917838611e-06
7.791149941995678319e+02 3.477231310775711717e-06
7.843885581451561393e+02 3.390173720444170654e-06
7.896978170483504300e+02 3.305288055181234886e-06
7.950430125161573187e+02 3.222567871642022906e-06
8.004243877909389084e+02 3.141972888684807567e-06
8.058421877614816822e+02 3.063424824354439687e-06
8.112966589741411099e+02 2.986831685873648830e-06
8.167880496440610614e+02 2.912132009958436838e-06
8.223166096664689348e+02 2.839289409516632164e-06
8.278825906280478648e+02 2.768248397111747083e-06
8.334862458183855551e+02 2.698941407221014263e-06
8.391278302415004191e+02 2.631304902266226166e-06
8.448076006274466181e+02 2.565287233972033820e-06
8.505258154439960663e+02 2.500877327521807953e-06
8.562827349084013804e+02 2.438068798748833560e-06
8.620786209992368185e+02 2.376803435023324450e-06
8.679137374683206190e+02 2.317014737552057956e-06
8.737883498527170332e+02 2.258665936778173579e-06
8.797027254868202135e+02 2.201721664552466069e-06
8.856571335145198418e+02 2.146148914879545740e-06
8.916518449014487260e+02 2.091934327085555349e-06
8.976871324473139566e+02 2.039081372614634072e-06
9.037632707983108276e+02 1.987589213319376714e-06
9.098805364596209984e+02 1.937422104611865263e-06
9.160392078079956946e+02 1.888524444974894423e-06
9.222395651044232636e+02 1.840868236067593652e-06
9.284818905068835875e+02 1.794435458406108896e-06
9.347664680831875330e+02 1.749169052288518785e-06
9.410935838239040550e+02 1.704998619250933458e-06
9.474635256553751788e+02 1.661882947891449872e-06
9.538765834528179539e+02 1.619810627451440233e-06
9.603330490535162198e+02 1.578782397415222982e-06
9.668332162701007064e+02 1.538794565148198439e-06
9.733773809039199705e+02 1.499825608511701451e-06
9.799658407585011446e+02 1.461831397758708792e-06
9.865988956531016356e+02 1.424781257561004305e-06
9.932768474363537052e+02 1.388664363817342900e-06
9.999999999999997726e+02 1.353460786728009879e-06
